1.67782
5.03931
4.69724
4.8269
-3.5519
-0.202418
-3.07669
5.35021
3.0183
-3.74795
4.65208
7.30296
-3.81462
11.8355
4.04611
7.05543
2.59279
-0.690111
9.85177
5.0298
4.69275
9.24278
-0.759155
6.849
14.9477
8.86
-0.725581
2.59855
15.6254
9.7668
12.3199
5.33894
-3.88053
4.4336
1.13216
9.45058
9.83938
3.65207
3.41059
1.13123
6.18091
8.65956
2.52289
10.7144
1.17934
2.7322
6.8805
9.68446
6.66859
7.68527
5.29033
5.39809
11.1549
-0.287766
3.05561
2.77754
4.95346
2.50679
-0.682089
11.8345
11.4875
4.37542
4.8034
0.770562
1.42898
4.87572
4.18591
2.89195
6.72323
3.68312
14.8281
-8.02899
4.58848
3.62665
8.48784
4.27761
11.2074
9.04019
7.24905
6.62167
4.17221
10.662
4.00509
5.70287
4.31298
6.36591
18.6363
6.16511
-3.39304
4.89942
-2.77447
-0.991152
7.50903
4.24424
11.7024
7.75816
1.3661
3.79081
6.69024
5.26281
3.95796
6.24149
-0.500007
8.55914
6.14794
4.06073
4.6323
2.28352
4.87375
-3.66244
-1.05103
9.70041
-3.64905
7.07453
-1.13014
2.38807
8.23483
10.4544
-1.95058
4.30739
-0.402971
1.96069
5.69647
8.7143
1.77539
1.1113
6.90843
0.520411
2.13121
5.14886
3.18703
3.79317
8.78468
9.86928
7.60937
-2.75053
-0.377354
2.91758
3.15228
6.75717
4.88748
2.49501
-4.41572
5.26674
2.84077
-0.0540189
5.03435
5.4782
4.786
0.752642
10.4268
5.52447
-1.24409
2.58219
1.30594
7.59674
2.49483
0.262838
6.5615
-1.02213
3.51463
5.63381
8.2701
-2.35283
10.813
2.41997
5.23177
0.992603
0.290801
3.72554
12.7272
-2.36869
2.31258
10.2467
9.9677
3.50103
4.32671
7.30064
2.24042
5.50563
-0.83056
1.59731
0.149313
1.43597
3.54076
5.52624
10.6658
4.52486
9.88387
3.50711
-7.64546
3.78245
-4.70112
6.23624
-3.95288
-0.278314
6.20338
15.4989
5.18955
-0.0113629
-4.73157
-1.13974
0.709961
9.88922
6.9415
-0.910027
-0.0353548
8.07873
13.3778
4.96429
4.93121
3.22024
9.16264
6.87872
8.44686
5.43462
6.4814
5.39505
-2.85586
-0.81529
3.32389
-3.28586
-2.94542
-2.44031
7.16382
9.39979
-1.1275
3.37331
-0.848756
8.75969
5.58219
2.39441
8.67176
7.10856
0.932011
-0.646805
2.59887
2.53773
13.4845
-0.636509
-2.72097
0.153935
22.4131
3.44691
6.86537
-1.01001
7.25024
2.21917
4.96479
-5.61736
2.61497
4.81286
2.12663
1.46485
7.53967
11.6296
8.97831
-1.61722
4.53954
1.33895
8.57885
3.17978
1.80199
4.2662
4.98432
-2.48815
7.06286
6.23111
2.66061
-1.08233
0.893715
7.31846
9.11533
-0.188705
0.98658
-6.42619
9.53247
1.6035
-0.528151
-4.40523
-2.96123
1.09161
6.01809
-0.906019
10.0772
14.6343
0.13151
5.64136
8.25365
0.208989
7.77848
5.47613
4.24047
-3.21546
-4.62385
2.43221
6.42551
-4.88199
4.35483
3.89527
7.59079
-2.06732
-1.06935
5.76664
0.129629
7.98255
-2.93039
6.07426
6.21428
0.0951529
0.360517
-7.04885
4.25213
-3.81938
17.5838
4.64122
6.23146
-4.86499
5.66542
8.61928
1.43975
2.33461
3.96035
3.12813
5.19081
2.0759
7.61041
2.15489
6.75954
6.1654
5.43615
5.64504
10.9711
0.290807
5.6964
8.45982
-2.82463
2.28076
11.1441
5.9442
-7.78457
4.06049
11.1815
-8.77245
-0.730244
2.02426
2.53255
10.9688
5.1897
2.23532
3.13756
2.88484
5.21669
8.84112
9.88953
9.50889
8.80553
6.27615
14.6873
3.73572
6.52171
-1.12275
6.85033
-0.928908
4.61837
-1.46162
9.53544
2.91833
-4.80412
1.63004
1.30387
3.24501
1.91593
4.48613
0.647922
12.0486
1.71879
0.272862
7.25699
3.68118
-7.3876
2.14911
6.42444
3.87621
-0.647818
16.3609
-12.1989
1.95153
0.854587
9.43632
-5.04884
5.92274
4.36777
0.835812
14.5767
5.34263
4.26398
7.54388
3.54341
7.39589
6.50769
5.33344
4.54488
6.68673
3.3531
12.6429
7.03595
4.5481
1.39269
-1.73363
1.9387
7.45889
-4.05995
-1.36644
11.5995
5.2689
-0.416398
11.1395
6.61513
-8.7192
5.62471
7.37054
-3.01173
-5.53584
-5.87988
6.07442
2.6083
5.45204
15.2554
6.50405
5.49489
-1.66884
2.53576
-0.622314
1.23588
4.35857
1.58267
9.67754
1.52203
7.49022
5.39325
1.28607
-0.0830533
-1.16708
8.38326
0.965861
10.1436
5.52516
3.7251
-0.614727
10.0064
5.94778
3.23357
1.89999
8.32162
-4.66838
7.25524
1.27709
0.683536
4.28172
0.940144
5.15988
7.52821
0.198505
4.55236
11.0267
5.18107
-1.89417
-0.609968
7.76032
9.09223
7.96064
3.98635
-0.534896
3.05781
8.59956
1.92834
2.8516
-2.12516
5.26052
-3.42595
9.44234
0.232677
6.12748
5.8457
7.134
17.8778
6.81843
2.21686
12.9634
4.22132
10.6977
12.8638
1.23596
6.91342
3.42892
6.34003
5.67666
2.01503
-3.12403
0.0140995
0.051473
9.53738
6.91136
-0.0156253
-0.871981
-1.08293
-1.15672
10.9453
7.93267
6.52963
2.78522
-1.85895
7.87964
4.97335
8.38687
9.19878
8.94364
11.1375
7.08694
-2.03428
-2.14189
7.7664
5.23267
17.1736
5.86946
-7.08807
5.73913
1.45799
-7.08384
-2.47299
6.56792
5.58701
2.44601
15.1654
-0.55793
10.4898
5.66061
5.61691
11.9886
5.62655
7.07738
9.80994
1.89229
3.64387
7.70476
1.62029
3.42913
1.52555
2.95246
-0.323707
19.4206
10.335
3.02297
3.15328
2.81247
10.9422
7.25026
15.244
-1.98462
12.7025
7.02279
-3.67034
8.55377
10.5743
8.02324
-1.33817
6.33795
10.6265
7.57223
-1.32792
2.55568
-1.30431
-0.149748
1.96741
-4.34972
2.29453
8.51517
0.171892
0.0827849
5.53565
0.231786
5.96703
12.3041
-4.64057
-2.60648
6.43281
13.0281
0.234089
4.11202
-4.34908
5.29404
-3.37246
0.157131
-6.61988
5.27051
3.51758
2.47241
-2.11368
-2.62367
1.43722
3.31827
8.66421
1.42413
1.47475
3.69569
1.35795
8.20154
3.29213
9.0544
0.561913
2.21831
6.24323
4.45986
9.07142
0.887302
5.4343
9.05363
7.17404
2.61238
6.90409
14.0149
1.01651
0.140089
4.41579
3.40514
-0.70411
12.1613
6.20378
-1.5273
5.67816
1.84239
5.85286
2.5981
5.66535
16.566
11.5249
11.9287
-0.619375
0.486782
-3.44611
-2.82696
-7.00015
6.98432
11.4383
6.84207
12.1658
8.80885
10.9975
7.61472
4.96852
-5.05167
1.1709
-0.792989
3.08048
11.0942
1.7684
5.84674
1.50942
6.62079
10.4435
-3.33336
15.2944
7.81621
-2.03178
-0.685231
3.56486
6.02584
-0.475524
-2.71418
1.41804
0.0921431
0.339559
-2.54463
6.68414
4.77098
19.2866
7.81286
3.64192
13.1747
3.0683
3.52578
4.03023
5.26898
7.90668
0.436743
-2.78339
11.4319
2.13046
4.49556
-0.475393
3.28848
2.69596
-0.376314
3.86819
0.175961
8.53618
-2.26465
15.749
4.93004
-8.47427
-2.73071
-7.91814
9.07712
3.92182
0.708194
2.75159
5.57394
-2.52217
-1.47273
11.6584
1.1111
0.251875
4.91567
0.151644
-0.880766
12.342
4.38202
-3.14246
6.26602
6.19497
-0.627682
-1.09201
9.61022
15.6787
1.21096
2.84149
3.1349
3.42013
-1.65899
11.4934
1.39009
16.1232
-0.673532
0.145531
1.02271
5.26157
7.20224
2.30993
9.35077
-3.12766
-0.704988
4.00705
16.1549
-3.55302
0.852209
-0.068932
4.07804
8.30094
11.2059
3.90593
5.47056
3.87594
2.7471
2.00966
9.17817
2.75198
6.12119
1.0246
2.44706
3.59807
-7.16958
1.96335
-1.20253
0.131707
-1.76108
12.1568
4.96113
11.9891
4.79741
-4.2048
7.40082
12.8427
1.9517
-0.782229
2.40791
3.10066
3.67905
3.95974
0.58541
1.13012
13.4656
6.89146
7.41464
5.70619
8.51144
0.0682602
9.45381
9.81876
7.30019
4.41271
-6.19127
15.1672
12.5565
0.467712
7.85736
5.52368
-8.61851
3.57974
-3.325
10.3145
8.38751
0.967209
5.08958
0.309959
5.44233
7.35232
4.53485
6.44813
10.8413
12.7676
10.2639
5.20703
1.2422
10.4825
10.0118
4.09059
3.23201
8.68793
12.6302
9.24189
-3.158
8.13267
-0.645795
6.63855
9.01786
3.35455
8.00357
5.58352
2.58376
2.22025
6.0583
9.29415
9.94356
3.75011
3.9668
8.90478
6.07231
-0.434107
10.872
10.7672
4.63421
6.56758
2.95921
-9.8147
6.18212
12.4092
-0.797879
3.99559
11.1424
2.94634
6.45397
9.36403
-8.97571
-0.965313
-1.99795
-3.72784
6.64427
-0.293292
-1.83765
16.5805
8.18177
5.58476
8.23781
6.94069
5.63712
9.07111
-0.222128
12.95
2.83264
1.29531
3.03659
-1.55656
2.83928
5.10129
11.2142
4.6737
8.29312
3.76828
3.45463
1.71874
8.9296
3.02036
6.48127
6.45558
1.35861
6.97118
-2.6525
-4.66342
9.11025
3.37828
1.52595
6.69165
-5.28094
5.22181
-2.42347
4.29407
2.72838
1.90264
1.81613
3.72118
4.74339
-5.4242
2.60585
10.5651
-2.62892
-0.992315
6.17239
8.07854
-1.2148
2.65166
3.55221
6.53079
8.61762
0.109637
0.125904
4.23731
14.4588
-2.81792
-3.40643
3.13637
18.0337
8.62567
9.71763
2.68901
-2.71242
-1.84722
5.76531
0.888012
0.206067
17.4063
6.77937
7.8355
19.4775
1.02433
8.67395
-6.70259
3.793
9.93261
9.47689
0.420094
6.46445
-6.13438
3.23764
3.60026
7.75522
7.40527
1.21538
4.20389
1.11442
14.8494
8.61263
6.58005
10.4214
-4.05195
13.9837
8.46583
8.48857
8.23792
8.12573
3.64277
1.39284
0.144759
2.51342
-1.7147
0.486718
10.7725
8.74914
12.8604
2.36179
8.67344
0.3353
2.15331
5.86416
0.503232
0.0257406
12.1145
8.8708
5.54627
11.7247
8.67799
9.97771
12.7731
3.97104
11.5097
3.95556
4.99109
7.6374
4.62124
3.27268
5.48508
12.6779
-4.05283
6.52455
7.62867
4.1174
-3.87167
4.14414
6.0177
1.40644
8.66513
10.245
7.58695
6.3038
12.6899
5.08462
6.71048
2.7386
-3.7938
10.6565
7.24939
9.80402
0.436564
14.3702
-0.520412
1.40069
6.04869
7.7791
3.10457
13.7927
2.69366
0.82635
-1.35852
3.85004
14.0252
5.58246
3.9973
1.69381
3.5884
1.82417
-2.87302
9.84541
9.06694
-4.03057
1.31581
8.98925
-6.84238
-1.37026
3.59691
9.70195
10.3284
1.99384
0.0117643
5.9489
9.606
0.436457
3.65642
7.16057
7.91114
2.7911
10.1984
-0.632184
6.0988
1.77686
6.84096
-0.755222
-5.52708
8.60919
8.35717
-0.893505
15.6005
-4.09782
6.50421
-3.67955
4.95078
6.23052
6.01811
-1.41576
2.00127
5.62185
-0.428687
3.13927
-5.29554
3.37898
7.00369
5.24978
8.01885
11.7251
-0.308478
-2.57554
6.89976
5.32171
8.33992
7.04387
-0.73716
9.2051
2.15293
3.24155
-2.68707
9.30431
2.90008
2.22333
14.7873
5.21539
9.84291
6.0234
13.4663
3.58985
-2.71617
2.54478
3.27321
2.13196
3.76453
3.55556
4.83008
2.16421
-1.26971
-1.626
8.16127
10.2177
3.47733
6.71651
6.50202
7.83439
9.98484
2.07823
0.691784
6.57059
2.96245
3.30596
3.6086
3.33348
0.650998
9.25055
-4.82102
6.06056
4.14106
13.4067
-0.540727
6.96645
1.09441
1.95304
5.98708
8.96753
-1.23336
-3.8691
3.89366
-8.98928
7.54687
5.43448
5.30483
5.73511
5.42766
0.824488
-0.989249
7.11983
2.10944
1.70398
11.7038
6.88173
8.13146
4.89282
-4.9393
1.94999
-0.993788
5.83995
1.83571
2.02805
8.28774
9.1767
10.1462
3.78206
-2.93601
-3.95748
0.729988
9.12897
8.48433
2.84438
9.99043
9.34949
7.41763
-5.69076
8.84817
-5.08949
-14.2544
-1.72109
-2.10385
4.07047
4.43848
-1.88671
9.38678
9.81654
2.05429
6.93606
9.93936
13.9078
5.23926
6.51266
0.943952
3.25361
9.53849
-0.223399
-1.02319
-4.14056
-0.480981
2.8638
-0.212381
0.647966
2.71085
5.75123
-2.82756
1.75338
6.65104
9.87729
5.44463
-0.299614
10.5139
12.8555
-2.15215
-0.56953
-0.537576
-0.221439
7.84148
-8.49729
-3.89645
0.449278
14.5752
4.37705
1.79661
1.30854
9.06982
16.3413
4.60741
3.31692
1.94873
3.67506
4.78954
-0.168524
-4.27266
1.24766
2.82429
16.3362
9.62387
3.39464
-2.64617
7.57781
1.99173
1.19113
3.9092
0.347178
-0.711861
1.61876
2.56225
14.686
12.2833
9.87868
-3.22843
7.5585
10.139
3.60985
3.74782
7.96994
-2.42523
1.405
0.754442
3.29471
4.34281
4.39838
7.58899
4.36384
2.05333
3.55704
4.93399
-5.84662
5.19352
-4.59484
4.67043
0.846625
11.0749
-0.44509
-2.75214
1.52799
5.30926
-2.25874
3.73652
5.19446
7.83482
1.05673
4.79448
10.7371
1.81932
6.36358
8.528
0.0365457
4.48287
3.52162
2.52785
0.433053
9.7456
2.34695
12.748
14.1135
11.9454
8.55054
6.07627
1.58593
9.35623
5.52571
3.73299
7.98431
-1.35845
2.5611
8.7386
0.654135
0.58602
5.65888
10.0095
2.30429
-3.181
-1.85187
-0.387496
-9.2374
5.44381
-0.486908
5.73294
-0.802713
-0.0768139
4.773
-2.20524
6.96774
-4.99964
-5.32099
8.99099
2.94047
0.123667
12.5157
6.51999
1.16998
3.84344
6.703
3.36855
6.70911
1.01309
4.17687
-4.10242
9.02765
0.625934
6.61302
-0.0236205
1.00262
13.293
6.46691
5.03443
9.98773
10.8266
5.84222
-3.72472
13.3891
4.13119
10.0792
4.73377
10.7521
6.16661
11.8158
10.7847
-0.204155
6.15633
10.1679
-2.63074
0.094781
-1.98624
0.79933
-3.20592
6.99093
7.49308
1.15679
2.91433
3.37292
12.0371
-3.57855
4.57092
6.44754
7.71797
4.76715
0.0978522
6.19352
-2.4397
2.16747
3.73296
1.48678
-2.24887
-7.83881
5.23967
8.39391
6.01455
9.11473
0.926608
-6.09188
9.93346
9.48261
0.188697
8.10761
9.75569
8.82772
-1.40919
8.57794
-6.39491
11.917
11.4017
4.09353
2.31302
1.32602
2.27789
-3.01761
-2.02641
8.20623
15.5353
5.9448
-1.68395
-2.99428
5.0141
10.8153
-0.362729
-7.81166
9.00589
1.10345
8.06156
-3.98582
-0.817798
6.9978
6.08819
12.1641
2.38831
12.4232
-1.03083
-1.10741
11.0206
1.15631
-0.443993
5.4424
8.20646
6.90121
12.5928
4.49735
-0.906897
2.59044
9.61149
-4.55626
-2.04937
5.83201
5.13108
4.6798
11.9529
4.03633
7.02914
5.0967
3.73567
-5.82649
2.77129
6.89693
14.93
-1.36525
3.90271
9.07942
-1.90344
4.81012
2.66108
12.4303
10.1992
2.46729
1.32568
0.351535
8.56636
7.6558
1.75473
0.212503
9.8252
0.235077
2.91557
3.78922
2.289
4.56637
7.16069
7.80294
-6.73436
1.05721
-5.15061
2.57715
11.4779
6.71755
6.76603
1.44393
5.9051
3.91641
-7.68078
10.1233
4.26228
4.86264
-5.31166
3.85546
3.13376
7.00772
3.30223
2.46935
-1.1024
11.0732
4.52621
6.09953
-1.02178
-0.167877
15.8592
8.72434
-3.12483
1.61658
2.82794
7.91633
1.95787
9.63681
4.65337
-1.60208
1.77566
10.9593
9.23262
6.65701
-1.07345
-0.60872
3.59169
0.73709
0.237727
-6.9465
-0.799628
4.34999
2.84848
7.36206
9.98976
-0.110434
0.33636
7.61016
-0.905581
14.6511
3.94829
-0.606557
4.09395
-2.30327
8.73901
-3.02653
4.03439
3.9049
4.27678
0.731047
10.1278
4.04413
10.0188
7.0461
8.5705
-7.43388
0.0397471
-5.03342
7.93594
4.46164
-4.44722
6.65386
0.0380742
1.12302
4.08967
11.5377
-5.02363
1.08534
0.647635
5.14059
0.0199943
4.31887
7.08978
5.79103
4.18625
13.9261
7.03492
5.04088
-0.146362
0.773091
6.60726
8.69477
0.673381
2.54813
15.3288
-1.09348
2.51408
6.71049
2.16473
7.19088
5.33538
4.23104
5.66115
2.48468
4.1889
-0.478705
2.52463
-4.29349
4.49293
6.91302
2.87871
-0.0798708
-0.744328
3.69145
1.07502
6.33336
1.30401
4.81872
7.90504
7.46467
5.53491
-2.73852
0.315066
-10.8746
6.9617
3.56286
4.27873
4.29461
1.98072
8.83208
4.70559
13.0226
5.98664
-7.70845
4.48528
-0.852453
9.15527
16.7048
8.44854
8.82386
5.31165
11.4729
7.22936
6.4732
3.10697
12.4101
8.8066
-8.19645
13.3197
5.62498
1.4974
-1.44233
-1.06969
4.85587
8.41348
-3.4062
-2.10058
1.09169
4.845
3.23721
7.35548
10.5307
2.37416
10.4613
0.433946
-6.76732
2.017
1.1744
-2.85379
2.35975
10.3399
1.2111
-0.357363
-1.74441
5.33736
3.40957
13.8183
12.1127
1.39386
16.2148
16.8778
9.61274
1.19191
1.60033
6.6459
8.10927
-5.85524
4.19738
4.95465
10.4127
8.13995
-5.50161
3.0929
-2.32714
-6.81559
7.91833
8.34578
15.1892
-2.11059
5.83026
7.1585
4.39999
6.17401
3.1848
1.41678
6.52544
3.55771
-3.81629
1.95643
7.25704
0.433947
-0.804883
2.13905
3.34199
0.893411
-1.89843
4.29932
3.12867
3.61537
3.67655
-1.69648
12.8655
-3.28651
-1.96933
-5.05918
1.5536
12.5766
4.83462
1.77715
8.73819
4.03014
5.70553
5.02863
-6.85351
9.47472
6.7951
8.50137
6.81446
1.11812
-0.921462
6.12683
5.39533
14.1929
-4.91435
-0.0508609
6.42584
10.2369
1.83779
3.30191
-4.69581
7.10557
-2.46884
5.37829
1.89943
6.98573
2.84735
5.06991
10.4936
0.68467
-1.93036
5.8404
10.6033
11.8003
7.39813
8.09664
0.405905
4.39638
2.34208
5.12138
3.05471
4.72474
7.36237
5.85394
2.67268
0.423058
3.45689
3.87815
0.0815188
-5.82385
3.46693
10.5495
7.33716
5.72497
3.90406
4.45497
13.3884
7.34558
1.69466
11.084
5.97636
12.0231
0.715395
9.75042
-3.88252
5.22918
13.5392
4.19639
-1.25361
13.1181
10.213
2.553
-0.287908
9.69129
-4.65268
4.58439
10.8176
2.86097
0.137785
6.65378
2.43649
7.05466
-1.43701
2.27797
-3.90384
1.45344
4.57565
-5.33863
-0.343343
0.295613
2.54427
1.35189
9.4553
11.4715
7.94311
-7.677
4.06767
7.94202
11.1565
0.449444
-1.31895
13.8174
1.83048
6.00156
5.96466
8.90749
0.469145
0.195603
8.08709
7.78616
3.55499
-0.4043
-0.528493
4.87783
0.542068
10.4656
2.04395
3.77897
0.860431
-1.23926
-2.71521
2.19689
1.64522
2.2552
11.8935
5.59388
8.37272
6.89048
1.91997
5.38907
5.22509
0.580857
1.36637
1.39421
13.4899
-6.67753
8.3745
2.84237
-2.28944
-1.34309
10.3275
7.82541
2.62329
-3.45302
7.49676
-3.3697
12.4658
4.858
5.47805
1.99792
0.730595
10.9475
2.37887
-2.79492
8.14042
15.8727
4.85841
9.62118
7.9243
12.4298
-4.36655
-1.68104
-2.04479
10.2357
-1.25091
7.16294
16.6932
1.15072
-4.06497
6.76301
8.68268
3.93665
8.39976
14.6839
1.95786
3.92837
0.0629923
5.82274
5.58215
8.32346
7.52585
6.59845
10.5528
3.49161
7.77645
13.229
6.77196
-3.35184
-3.0155
4.79019
0.474014
0.460305
2.28305
4.63434
5.32224
4.26523
6.88333
12.4171
11.1599
10.0065
3.872
4.1189
7.82235
-4.98457
-1.03028
6.22479
3.6766
6.41296
8.38403
7.86093
1.09203
0.855378
0.558854
4.92097
0.00666257
-0.619799
1.9922
0.333154
0.208747
5.65328
3.11787
11.1281
5.95079
0.562429
2.61031
4.03927
6.12738
-2.02982
11.8575
2.78915
6.69679
-5.17469
-1.55551
6.91642
1.87658
5.39936
-5.48813
7.93309
-3.39787
4.26375
6.77722
3.95671
1.91403
8.63547
-1.37604
6.3459
11.6291
-1.1972
0.0679903
4.03837
0.434081
11.0312
3.81811
-5.82154
-3.93911
6.88333
4.76359
1.22732
12.9615
-0.273589
-2.72299
0.621851
8.35835
12.6404
4.74521
-3.65075
1.94314
2.04813
4.35415
1.51926
11.6611
7.98407
4.44278
11.7111
10.5742
0.727612
8.57713
11.7494
-4.59402
-3.2761
2.20133
3.99963
4.31907
0.0120047
0.702997
4.78378
1.62165
0.163852
9.17628
6.48272
6.57832
4.05416
3.4004
1.41604
5.63136
2.98332
8.31004
10.8312
3.01876
0.958609
0.889183
12.7069
15.1391
-1.84408
4.65708
2.22495
6.29438
4.40578
6.35579
9.03224
10.1379
9.98004
-3.96695
4.47106
3.21928
-0.820399
1.17894
-0.61031
9.28253
-9.00171
1.16596
-5.96681
10.9491
8.17205
-2.67731
1.58601
10.0945
1.26999
-0.947739
6.23201
6.57614
2.1869
6.41298
-5.49492
11.044
5.48556
9.41092
6.53264
-0.873867
0.873639
-0.778798
-8.62501
-2.49936
10.8898
13.5236
0.542806
7.11661
13.9155
3.15779
1.82501
-0.0347108
13.471
-3.04484
0.557069
-4.18626
3.54558
6.44393
6.7923
10.0445
2.84357
-0.622572
12.2001
5.37195
9.11074
0.534283
6.88617
-6.27588
1.53199
-4.6727
2.49498
-2.22001
4.33566
-1.12993
7.05591
5.59257
-1.20904
-0.88199
0.152352
5.88974
7.13138
9.85594
2.96744
4.81066
4.57288
3.67385
-2.85731
3.57461
13.9334
12.9326
3.34186
0.368117
3.89011
7.57747
7.30811
4.9654
12.769
12.3985
7.58556
0.655942
6.70506
6.76246
2.58863
0.553519
3.38323
0.914214
-0.0943851
-4.48924
1.62986
3.48907
12.8569
4.49915
2.25267
6.14039
8.85264
2.09349
-2.84398
0.00218113
-0.546419
11.4039
10.3986
4.60182
8.50758
9.76184
1.08347
-3.16602
1.19651
6.93573
8.76148
8.57906
6.29964
11.3454
0.853909
7.27858
18.339
2.73335
-6.94936
0.0587272
-2.32317
-2.54244
-1.95441
18.0958
3.57358
1.77496
-0.479943
-1.66808
-2.4277
10.034
4.3304
6.22617
7.37505
-0.47763
-2.30368
6.92129
5.30876
8.672
-4.46581
4.05991
3.0626
-0.479787
11.8141
2.81996
-1.65181
-0.839658
1.84531
11.4643
-2.96571
-2.78976
15.3009
10.4535
6.35675
12.6078
9.12704
-3.54187
6.23994
14.8696
7.26373
4.33135
8.73001
7.00121
12.149
-3.33219
-0.906202
2.98012
-0.77368
3.01657
4.99029
1.4503
3.20763
3.14987
3.17669
1.04239
7.9363
6.20184
4.29422
3.76089
11.8714
4.2932
-0.598882
10.3187
4.89957
2.59435
1.60775
3.70684
8.27686
9.08709
7.60178
4.83859
9.90574
0.413956
-5.26808
1.76384
2.3169
9.68869
1.82509
12.1564
1.15502
-3.05385
5.10824
3.89974
-3.50911
2.34957
0.258721
9.91845
10.5882
-2.57429
8.50553
3.29468
9.20389
3.36574
-2.59174
12.7256
2.9197
7.97115
-1.3415
4.027
4.08447
0.902428
8.38846
8.3148
14.831
1.513
5.24097
2.7627
-5.05493
0.235835
5.03667
8.27279
3.08947
2.5263
6.41059
8.93102
15.4897
2.82327
1.57481
7.93662
7.92817
1.66567
-2.20545
-5.37902
20.5646
5.5576
1.85306
6.8683
-6.46076
4.02193
6.79264
-0.333608
11.0731
16.1939
3.42543
5.33714
1.28226
4.78135
14.0779
7.23314
2.1972
0.130561
4.40638
7.14057
-2.25557
5.28816
2.76828
6.29996
5.21832
0.765282
3.30254
4.71361
-2.20961
3.46303
0.0715689
5.1177
-3.36015
3.56888
0.708831
10.4185
2.58374
5.90476
7.7499
3.36434
-6.24147
7.95529
2.36203
2.27674
2.62089
8.47555
8.565
-1.18453
6.81829
4.7919
2.71225
13.6106
10.4673
0.432923
0.761507
3.16064
0.644156
6.9886
1.03203
-2.40858
10.7895
-2.6074
3.54153
0.162162
7.95131
1.42351
11.3691
-0.421336
4.41313
1.1278
-0.199712
-2.55407
13.9355
4.22879
-3.4645
-2.13244
-3.84491
3.24851
12.4682
4.4237
5.25632
3.85917
4.83093
1.77924
-9.3926
-1.96543
-5.99111
14.9365
2.63358
1.49606
8.06257
5.93929
3.06335
-2.98579
3.29221
-2.68713
2.6712
7.40831
-0.88514
-0.428854
5.17957
12.784
5.83478
-7.39365
9.05819
6.59308
6.2336
-2.28881
0.447814
2.78213
2.03941
5.64829
1.39636
1.99145
-5.94177
13.6054
0.102992
3.17966
9.27393
13.1372
3.69254
8.52481
-3.3607
10.8046
4.34748
4.83891
-1.12307
0.380276
-5.04678
2.89251
-2.25099
-3.59279
3.49419
4.17253
5.26643
3.89162
-1.46781
9.47838
-1.27827
5.71578
-1.55884
7.35787
1.35967
9.00527
7.80697
8.89908
-4.86572
6.66321
2.57036
10.9259
2.22498
-1.47404
2.3026
12.4547
5.48889
-1.05415
5.53054
-3.62042
10.8219
1.12454
4.52962
7.9824
10.4482
5.8411
4.94066
-0.659395
1.92058
13.1702
2.54347
14.7236
9.04901
10.9676
2.35507
6.16304
9.37499
4.01319
7.18594
9.82969
8.65224
7.17165
1.14421
5.24885
-3.06047
1.96506
7.48352
4.46989
12.4362
11.7188
7.50829
12.6188
3.38907
2.30755
0.366426
4.31671
6.41897
6.68662
6.59981
4.735
-1.29667
2.0616
-0.234257
0.397634
10.0385
5.3611
5.78289
2.18611
7.32959
4.76162
4.74394
8.66978
-1.40124
2.80125
3.90791
5.33468
2.58166
2.3141
6.58778
5.90211
-8.06706
4.53419
-0.893118
9.89174
4.50712
-0.91433
13.9573
-5.22054
4.28421
0.703505
4.89287
5.27792
6.39674
3.65263
11.4503
-1.19855
9.15689
14.0041
-0.579581
2.10267
11.0391
2.3861
10.0459
7.72539
-0.706926
-0.0703758
8.08193
3.12903
-5.14699
-1.65369
4.39194
5.76155
7.55287
-4.57939
9.63403
5.72387
-6.43894
0.831403
9.51583
11.3122
0.207641
7.23294
6.47116
7.09243
7.48432
3.74824
6.2739
-2.26175
-5.75935
2.55042
1.05515
-0.0645142
-0.32931
2.87744
5.29643
8.00962
1.57494
-7.37982
-0.847959
2.21487
0.116308
9.47794
6.90397
10.1541
2.04198
8.7401
4.85489
6.00651
1.07132
1.62296
0.60425
-0.330096
3.01357
-4.59682
1.48336
4.3018
-3.74197
12.3197
1.98844
4.52432
-8.63571
7.04121
0.277892
-5.10008
17.0038
4.59461
1.90349
-2.24886
1.25011
-4.26052
13.0454
3.11195
9.84079
0.693124
3.7706
6.46753
2.84355
1.3256
7.22904
7.74264
5.53249
-0.510244
9.61917
4.82498
8.13869
5.83683
2.97168
2.54935
0.523885
2.60265
-0.00078423
-2.35337
5.66754
-4.85593
-1.64582
10.9511
10.2373
8.64325
-5.62
6.74213
7.87488
0.777498
4.78136
3.81026
-3.31148
6.64942
7.16206
6.35749
-0.0917492
-3.08043
3.93168
-1.39447
7.97299
6.60523
-1.25841
6.53604
5.38644
3.77563
4.26113
8.61975
6.96728
-6.2312
-6.6703
-2.83966
-0.529516
4.19384
-2.31559
7.11438
10.4091
5.02186
-2.54372
1.62657
6.67173
3.76995
0.549399
4.92374
11.6795
3.33487
7.98664
7.62705
-0.103097
13.6972
10.0517
-6.62894
6.77773
3.19078
9.40813
3.33339
2.65308
-6.58478
7.84121
7.90509
-3.48037
3.36419
11.4203
7.14922
5.4993
1.58747
8.55048
-7.37801
3.13982
0.235686
0.741713
3.99071
16.0245
4.01973
1.80945
7.84367
5.88392
4.86285
2.87215
-6.98029
12.9087
5.45126
5.58503
8.9444
9.59349
9.9942
4.82793
-0.448293
14.5164
10.5519
6.96261
2.65403
-0.98205
7.6871
8.60891
6.8709
1.18121
2.56056
5.53108
2.02376
9.2059
8.61526
-4.80782
6.64387
10.3175
12.9687
10.997
4.69988
5.54514
7.40116
4.67685
3.77602
9.29019
4.31997
6.00403
3.22469
4.4002
0.108519
-2.97661
1.37119
9.22986
0.491163
12.777
6.4915
8.08684
6.69747
7.39968
0.709084
6.96037
5.35934
3.27618
-7.00709
8.01563
5.9
6.76513
1.31463
4.33297
-0.195821
11.5892
0.928362
13.0529
8.54199
4.56893
0.172198
-2.02665
4.48033
-0.179741
4.44241
8.33048
3.1294
3.02545
4.98919
4.7831
6.71689
4.45152
8.95784
6.13671
4.25551
-0.362441
-2.81492
4.62633
5.02587
-3.93744
8.93506
-2.22215
-2.44428
0.889952
3.67488
8.01212
10.312
5.47617
4.69763
7.0691
8.87217
7.99652
3.54877
8.04658
9.06293
8.92584
6.60146
2.60192
9.30242
7.21014
8.45324
-1.92499
3.84684
5.58887
-3.22577
1.67808
-2.99526
1.48595
4.86027
2.65517
3.73943
7.47855
-3.50082
-0.182855
10.8737
0.617309
6.88985
-3.79625
-0.718367
-2.11705
4.22442
1.45987
0.733315
4.25804
3.14948
9.97504
3.96264
10.5283
0.708129
7.18419
-1.91165
9.47239
0.3357
7.71292
10.7662
5.74179
-2.34386
9.10283
-4.04556
7.39763
9.01757
12.1555
6.14532
11.182
8.75737
12.9364
-0.273317
2.91605
-1.76295
1.40777
7.62097
9.19042
9.0856
4.4662
1.04568
2.49401
6.67427
3.84073
11.6904
8.20789
-7.57971
2.72692
3.46519
14.2439
-2.52587
8.91066
8.25884
8.79354
5.00801
3.55432
6.54942
3.42257
3.77583
3.81555
3.07203
-3.40809
6.57262
-1.23317
-0.680488
7.62827
4.86897
-8.45198
4.20386
6.71133
1.89984
3.96283
5.98222
2.67644
6.12103
1.71773
13.6269
10.2477
1.84049
-1.05553
5.89349
5.68275
-0.884312
7.46173
9.08717
16.6897
3.74157
-1.80944
7.36483
3.85013
13.0891
5.36083
4.65953
2.51001
-5.23573
13.9452
-0.317029
6.49796
6.71795
-4.07731
12.5245
9.72563
-2.76215
5.82661
4.04294
4.91139
6.69109
5.46575
9.17227
4.3944
8.06033
6.10617
-3.5078
14.4029
8.34778
4.89817
7.40428
-0.508611
10.278
10.5748
-1.49718
3.16584
7.94958
2.92513
7.15511
1.88762
4.06288
4.89412
0.359624
-1.75505
5.81408
2.14046
6.41696
12.719
0.271838
14.2144
6.65292
12.554
0.312621
0.245331
5.21659
1.39206
0.821668
4.64345
6.96732
0.172712
4.5931
-6.16305
1.72812
-0.420129
0.919663
0.30438
-2.08296
5.01153
-4.47458
1.68662
0.941556
13.7991
4.41392
6.97262
6.09777
2.083
2.25785
1.49295
0.606631
-0.396861
13.6155
-3.79643
5.69279
1.16564
-3.55459
5.09533
0.221579
4.37198
11.9097
16.5065
4.0158
2.14864
8.55207
4.3941
0.205438
2.07137
5.61402
10.2353
7.8986
4.71913
7.04714
9.29625
-2.00062
-1.67814
4.75491
-2.79923
8.73154
13.7638
15.3655
-4.01275
7.25787
-0.270599
-0.12975
1.77824
7.63379
-1.97467
3.67199
6.29997
3.64614
-1.25841
7.73319
4.69082
15.6679
11.9413
-5.36266
7.8345
8.02605
11.5834
0.362487
10.9028
0.526797
5.05551
-3.1099
4.91842
-6.01852
6.82027
-2.12881
-9.16341
3.66711
2.58881
5.50748
8.10922
9.83612
-3.63529
-1.50692
3.27358
3.20589
12.7012
10.9515
-4.64466
5.14865
11.3199
-1.42029
6.29669
7.80518
0.552803
9.5638
0.970452
2.90367
0.35725
9.9263
4.59673
3.94018
3.8451
0.784529
2.5206
10.0344
-0.879344
8.18316
9.46859
5.17106
3.33502
12.1911
8.82029
1.23162
2.72503
6.056
3.05144
3.46981
2.59288
2.53154
4.3438
0.0830579
5.95714
-0.417773
4.3885
-2.47348
-1.3557
11.2574
6.68931
10.6177
7.38657
-5.63741
11.445
4.99195
2.25589
8.17372
2.1043
6.35223
-0.829365
-5.70283
-0.764744
6.5822
5.44184
-0.490705
3.17507
-3.92927
-2.52596
-11.2375
5.3328
0.757828
-2.29431
-2.2607
-0.768912
-5.30223
3.31807
3.92493
6.64051
-2.54344
-9.0346
6.41317
4.78362
2.21744
-0.917536
6.13236
6.64901
5.29329
0.191576
4.09285
3.3907
-1.81984
2.41896
3.54627
2.67956
5.08073
3.85233
0.428127
3.82548
3.19667
8.08512
0.291088
16.4568
2.23831
-0.572839
-2.00285
4.18192
-3.82114
14.535
4.84731
-2.99423
9.85643
-2.23175
5.20115
4.15649
1.00275
1.84459
-2.24999
-0.642302
11.4207
6.15908
9.35989
2.99746
-1.2898
6.78185
5.85198
4.59477
11.5944
6.99355
8.43954
5.60671
2.22807
13.5841
2.55169
3.03051
7.25864
13.2953
1.95559
3.77389
-2.33461
10.8338
7.63288
11.9729
5.55919
4.53833
3.69705
6.25964
15.1113
13.5348
6.37538
11.106
0.349243
-5.66913
17.6121
4.06939
7.29333
-0.790025
-4.89772
10.8828
1.55792
15.0686
14.2096
8.97608
4.23524
-4.29808
-7.83913
2.68722
3.02361
12.3209
8.86718
6.41082
-5.53466
2.58045
13.3902
5.54332
-3.32757
1.85317
8.52113
2.06274
3.72037
6.435
3.69897
4.1634
5.89917
-4.74842
-5.39659
3.51339
3.56655
9.27254
11.3173
0.868833
-2.37444
2.97657
0.44405
-12.1593
4.682
0.688785
-10.1247
8.25948
6.50527
2.96075
7.85907
4.17006
-1.83762
-0.371249
10.0002
6.47529
8.53697
9.28576
-3.83311
0.342467
1.91785
3.57366
1.51415
-4.28712
-1.73104
-5.61002
5.92526
3.52748
7.64189
4.93577
5.26207
2.75402
-10.2296
2.56566
3.58002
5.64027
-1.0126
-0.933415
2.2636
6.74702
11.9129
8.55361
3.73199
7.84613
1.78132
14.2974
11.0326
1.45642
-1.48229
1.49944
1.48966
3.38065
7.3068
1.30825
-0.74094
7.49323
2.5297
-8.53644
0.440932
2.68726
-0.44238
6.80309
-1.692
7.15176
4.76048
-0.150666
1.75219
4.73379
0.630881
2.62023
-6.23539
-3.60837
4.03102
-2.89185
0.45409
3.34036
14.8508
-4.18833
0.0271139
-3.46083
-0.622987
12.7778
9.31373
10.0759
7.63751
9.7018
-0.796877
-1.68366
0.578342
3.09581
11.0009
2.07549
5.09433
1.33693
8.73231
5.66837
7.38046
6.16857
0.949707
8.4233
8.14467
5.96337
-0.0193562
11.1614
5.08317
7.89142
8.81427
8.97582
3.08463
11.0656
4.94509
13.6641
3.29637
1.88156
-0.819786
7.75661
-2.49951
1.30516
4.76757
7.92489
5.85837
-4.66006
-0.963705
4.85879
1.08276
6.24711
0.844366
8.48254
8.03641
3.01922
-2.53826
1.7102
13.8562
11.8611
6.73316
2.02569
8.88449
4.54943
5.1533
2.71608
3.59114
-0.813717
0.550896
7.00578
0.146359
11.1357
-5.85506
5.19379
9.20466
3.03571
5.63718
-3.65189
4.17956
-0.0551684
8.80149
3.73975
2.54365
6.63821
-5.14935
3.3874
9.73295
2.8821
-0.150916
9.65211
3.19352
0.902752
6.40862
15.1537
3.2761
5.79903
2.22642
-0.87572
7.94614
2.87559
0.530066
5.46882
5.00853
-1.57121
1.23475
-2.91122
7.8937
9.99523
9.19681
-5.23561
2.01171
2.69826
2.68704
-0.0328296
9.38649
10.8291
4.23458
0.104619
4.60376
4.50753
4.50342
2.2211
-0.634723
2.53784
9.69856
-2.53577
0.312037
-6.04882
-7.36706
-4.69744
-0.639189
-0.521466
8.86073
3.62102
3.92078
-4.52712
3.44721
-4.13874
8.01218
6.01967
3.68972
-0.880065
3.66681
15.4731
3.3593
8.17503
5.68379
10.1783
4.77863
10.3715
1.35692
7.88368
1.1362
-4.71073
3.68138
2.56391
0.914352
1.18394
13.2173
1.55311
9.42729
13.231
0.449878
-1.69372
-1.72303
0.454242
5.53578
3.07081
-2.72319
1.57366
8.20513
6.44188
8.23499
0.74839
7.44587
7.5188
5.27738
1.95118
12.0214
5.47475
8.39356
-3.84729
1.76241
10.6989
1.68932
1.03466
8.35767
1.385
1.05276
-8.97405
2.23546
-0.979388
5.32583
4.52651
4.45867
0.730766
4.67164
15.0545
8.71144
14.9021
8.19712
8.80295
6.79456
-1.20994
-1.76851
6.47351
6.37232
6.75954
2.66895
0.0177527
4.33665
-1.41198
1.9367
7.7162
-0.956808
15.9904
-1.78548
4.24014
0.158846
7.87937
2.05272
10.785
2.08572
4.61177
0.220719
6.43845
6.80255
6.11995
-0.457344
3.64368
5.5771
-0.185715
-1.6778
7.6211
2.8204
9.25488
4.71696
-6.18376
9.57726
6.05
-0.940634
-3.53182
9.23587
4.36381
2.37822
-0.00519778
9.44728
5.61176
-0.552729
2.29789
6.35278
2.93383
-3.15467
7.98298
8.248
4.55927
3.08246
6.558
5.87084
4.1458
-4.3575
-4.58471
9.23453
8.39294
7.33123
3.99039
7.77406
3.00752
1.70434
10.2923
-1.36968
11.6102
0.101135
11.2034
3.9747
1.06684
8.41104
5.86032
6.31567
2.60746
11.9487
-1.58064
-4.70074
9.33661
1.00186
3.29653
5.64444
-0.0668523
3.62829
7.00599
3.31897
-1.38456
7.48491
2.50624
11.682
-1.08093
11.3367
-3.27078
7.5282
-5.15438
8.47273
0.82157
10.726
-4.45259
5.79407
9.79826
2.45806
8.32347
3.10723
10.8097
6.38915
-1.01213
2.61093
1.08774
7.89063
-6.24598
6.20472
5.15557
4.40531
7.98249
13.824
0.986676
1.67847
-1.93887
1.84839
8.5738
3.68215
-0.978444
2.86288
3.10894
11.6131
3.82281
7.53043
3.26629
13.0201
2.3349
2.26976
1.93227
1.9347
-3.84837
8.44613
-2.65011
14.2035
6.00929
10.2091
-1.17071
1.54861
2.63541
2.44979
1.57752
12.3072
4.107
8.72662
5.72722
11.6138
4.42772
8.01191
4.73769
2.54733
6.72193
3.32142
0.462161
1.30275
-2.52289
1.723
12.7875
10.3734
8.27447
5.9072
14.0966
-11.7606
2.76195
8.3261
-1.64865
4.71422
3.32507
3.02974
2.39525
3.51812
3.82573
-0.0800225
1.76323
5.65718
-0.7183
-3.56241
3.59816
14.3378
3.3696
-4.72943
16.3005
1.20172
6.52639
5.82813
4.73843
6.60403
5.07388
1.7066
-2.73273
5.2047
9.06334
11.6858
4.10931
14.2591
3.82724
7.55467
1.14666
-1.62144
-0.944961
11.0972
13.2103
0.926711
7.60097
11.4838
1.29941
3.94463
7.56664
0.66645
2.46822
4.63142
3.60972
7.65491
-0.0132624
7.50106
18.7852
7.47726
-3.15156
4.28914
11.4493
5.79475
5.94831
6.72643
3.48544
1.72773
-9.38323
9.19208
2.54009
-3.14572
8.45808
2.39268
2.22166
7.69778
2.79973
3.38337
-3.05203
13.497
6.42658
0.504145
13.2226
6.80062
3.99263
7.39734
3.00773
5.16404
11.4937
9.63417
7.8895
3.07695
-2.91516
3.87362
12.9203
0.959494
5.58456
8.04917
1.86158
5.10245
1.70622
-2.19303
8.48626
6.13559
2.39789
5.44042
5.78853
0.695543
-3.66429
-0.300238
7.42427
0.338084
-8.92301
7.06475
4.30977
-6.57545
-6.85444
4.01092
4.54385
0.692802
-8.67455
1.71537
11.816
2.83851
0.705044
5.05127
2.23718
-0.449688
3.73598
11.1822
-8.74
8.85289
2.41839
1.50077
-4.97906
4.86737
3.30301
3.1973
-0.983382
5.87456
5.17334
-0.149145
9.15905
2.7732
7.40426
5.20472
7.9279
-2.90774
5.7993
2.17896
7.0936
3.3802
-0.143735
3.34637
9.2403
8.81132
2.46374
8.73981
8.50924
5.17156
-4.35891
13.408
1.21442
8.08088
-1.37458
4.366
6.63471
3.3751
8.08669
0.410334
8.35252
1.75356
0.193881
-0.465055
2.48001
6.02873
4.74398
0.0824366
8.52329
8.36267
-0.814017
8.68815
5.04045
-0.952628
14.9215
3.93274
3.82998
10.9112
0.108446
2.5635
1.06783
-6.27748
3.03805
4.23014
0.908506
-1.28577
3.08274
4.66894
6.7691
6.51524
4.39489
8.07382
-0.655649
4.88484
10.463
14.1086
7.02061
7.18883
1.46651
1.19819
-4.83452
15.7065
-4.04824
11.4847
8.41413
2.90739
2.83336
9.2095
-3.63586
1.18829
8.62887
7.75759
13.8717
11.619
0.0884048
-0.390608
2.76317
-1.27088
8.14452
5.42427
2.44612
10.3606
9.91218
2.15589
5.26336
5.89837
1.8048
9.04203
-2.96376
3.85993
-7.71989
0.662678
8.58004
0.61348
1.79009
-1.43462
1.43836
9.65107
-2.25156
4.6626
-1.71151
7.86566
6.11628
7.45457
-2.64619
2.35946
15.0191
2.514
1.35408
0.698664
7.04418
-3.39926
1.96063
8.14492
13.7044
2.24304
-1.6993
9.48791
9.16085
-0.540996
6.41863
4.09493
2.14384
0.628368
13.2825
8.25249
3.53929
0.550249
15.9089
5.72854
-4.07049
-1.58213
9.43058
0.609524
3.90391
0.193826
2.32071
-1.8263
2.326
13.8334
-0.123475
1.16885
3.24583
5.80264
8.77246
2.60362
-2.05195
3.20621
-2.89225
1.5123
-1.88497
4.90213
2.10385
8.56895
3.42373
1.38395
2.98191
1.88919
5.10765
1.53233
3.17609
1.81621
2.09388
13.3603
-0.441732
-2.47428
2.67767
8.57187
3.41311
5.92988
-3.94624
11.861
7.59306
3.94573
12.7413
9.20628
2.13966
10.7502
2.55092
9.31502
0.807942
2.45389
4.42415
6.65007
3.25407
8.4242
6.5144
4.38208
-4.6969
2.00858
9.28836
5.52677
2.76106
5.3774
13.8447
9.51598
9.28667
-0.762763
11.6744
7.11127
10.0476
3.17086
7.45273
8.68104
7.05993
9.62009
4.2179
8.24631
-1.97676
-2.46422
-1.90598
9.34844
8.83969
-0.306074
12.4029
0.173648
7.97589
5.38747
3.20248
-1.08565
-1.79877
12.011
10.5473
4.83353
7.20669
9.63266
8.31688
7.85314
-1.72073
2.05986
5.93067
4.08158
10.5892
2.64115
10.113
-0.292683
7.7033
7.86872
1.94388
-6.0723
-0.771606
1.72746
0.182757
1.25469
1.47142
1.57956
10.2367
6.6059
2.80521
3.01411
7.67759
4.43023
3.87896
2.72275
0.701565
-0.961287
2.25527
-0.817248
6.0445
10.1854
6.67681
7.56149
11.4638
6.55074
7.87118
10.5434
5.46032
-4.78416
-1.64364
8.54352
3.28783
9.03459
6.45026
-0.337322
-3.44958
0.922291
7.12157
9.3658
5.13068
-1.14656
-6.86594
5.69956
6.40638
8.10448
-1.66072
-2.06314
4.55939
3.80377
3.49187
7.56816
10.0134
6.96706
3.34462
4.06246
8.11438
2.76548
-0.860828
1.23234
7.50156
4.10834
5.9672
-1.72511
-0.8687
-6.76445
-5.38404
-0.217799
-3.05293
0.582973
1.30813
-1.54423
1.03602
5.90083
1.91679
6.97433
10.1303
5.47392
6.83578
-3.78662
1.63049
3.32757
1.57113
8.82823
-2.51711
9.72705
13.74
3.56925
-1.97421
4.34218
-4.75039
0.781383
2.83951
0.398784
4.77879
6.25756
2.81647
8.08195
1.42728
-7.97869
-2.68879
-2.03283
8.3541
12.7904
6.8492
2.20063
-0.0290445
5.67594
6.62011
5.68281
1.23706
7.03571
-4.08098
-0.224188
3.07563
2.80481
-2.35428
12.7283
0.785219
5.06156
9.0524
6.82848
8.19127
-2.9847
6.4623
0.371288
5.04288
-2.02388
10.5522
3.08443
5.08916
10.4015
-4.35659
3.316
6.70567
3.83148
4.91908
-0.50904
4.83313
0.958627
6.25621
11.4219
1.23244
10.1045
1.74444
-0.166534
13.61
1.0034
-1.62998
4.06441
5.18506
-1.04331
13.1131
15.5264
5.61881
-0.553825
15.2864
0.855225
9.25164
3.21466
-1.18345
0.387676
0.724884
6.48823
3.06983
-0.934463
2.58253
7.79233
5.37841
3.81472
3.11526
7.98503
4.31193
7.76319
-0.574146
-2.59017
6.79277
13.5117
7.47649
-4.76698
7.15922
-0.0190535
0.892181
0.279943
-3.44823
5.42216
-4.58943
-4.61754
7.90193
6.06564
12.5737
10.4668
-4.64113
-6.25695
11.2959
4.3941
-2.09342
12.5066
-0.861178
2.54823
14.7379
8.58477
1.86212
8.38304
3.73488
5.52518
9.43189
1.56249
6.34108
4.50242
5.69247
7.48307
6.10023
-4.82733
-1.76335
1.58217
1.24167
7.25023
-3.15127
1.86383
-0.249147
7.64405
5.19325
2.67208
11.6668
14.0451
-3.06374
-7.64504
5.36574
14.2228
7.58282
2.42029
3.7773
0.0154568
9.0282
4.50067
0.128591
-2.51721
3.72352
0.304748
1.3938
-1.33284
-2.15342
4.15248
6.62564
0.625227
-1.01679
2.4915
9.05405
6.14219
-4.89794
0.851552
-10.3867
-7.79576
0.943133
11.2968
4.06639
0.973824
-3.0488
7.67197
4.45159
2.75419
-0.968788
12.7599
2.67815
0.637148
0.361552
0.788523
-3.54295
4.22967
4.14092
2.94806
1.9576
4.14094
2.56124
-1.66499
7.7673
5.1845
1.45063
3.11166
-3.13579
2.88829
1.47363
0.380579
0.706965
-0.249015
7.6273
3.50962
10.0891
1.86723
3.80849
19.603
1.6098
11.8215
1.17095
1.4134
5.4811
-4.51373
4.47489
8.13355
5.74943
5.72199
9.35307
2.96327
2.16939
6.20128
5.71187
3.98833
-1.84399
11.7183
-4.54332
0.325359
5.81335
3.02262
6.42493
10.0872
0.297979
-3.10772
10.6627
11.3118
-1.23519
-3.8946
-1.37884
8.19377
13.9724
-2.40929
5.37223
4.75508
8.93371
5.67481
12.7644
-4.88191
2.24262
-5.17945
-5.37198
2.35208
3.91245
-5.76416
8.29304
-0.0875007
0.496404
4.07501
-3.45769
9.22763
8.94025
1.41165
3.31221
9.09785
-0.84907
3.87502
5.07933
9.4005
1.80803
8.44706
9.35769
5.15513
6.21628
2.32367
7.35389
2.76457
3.57088
-0.333702
3.24621
1.69752
-0.220032
-0.291523
5.30281
-1.25911
10.8486
6.33316
5.85483
-0.775445
-3.76838
17.5085
-0.345854
2.62041
0.394147
3.58282
7.00427
3.71045
1.12901
5.61683
-6.59747
-2.68377
9.89325
-1.98016
-3.09334
0.507558
3.66742
1.57075
5.59945
3.10211
-4.81111
1.54573
9.78454
5.868
10.4643
-0.174257
8.77907
4.76207
0.252919
4.54738
8.1633
-0.332548
6.82551
5.60749
1.6128
6.67413
15.8445
-0.0272959
1.97682
-3.30736
8.3615
5.56351
13.2362
7.50282
-3.30076
8.95459
9.31185
4.40973
-0.104583
10.1262
3.99585
10.1414
7.05565
3.76775
-0.724077
5.34503
-0.518969
-1.18466
-0.329872
3.20668
3.51747
4.17302
10.7835
-1.72795
8.72697
6.43698
1.55156
-3.75948
0.840392
8.86447
3.77638
-4.27382
1.54806
-2.55796
5.51184
3.04949
-0.316126
3.17503
0.0205537
12.3678
4.48395
-3.86864
3.29162
7.43947
0.406974
-7.96731
2.66215
-8.93102
5.53049
5.06849
13.8808
1.47749
-0.863438
3.01877
20.3106
0.539553
2.53806
3.39263
2.53508
-3.56228
3.42846
-4.2807
7.19764
-6.18469
11.8407
-2.1757
5.09692
0.0958194
-0.613338
1.92604
3.08211
0.0407897
2.59242
7.05659
14.4905
9.76669
-2.61988
8.34926
5.00174
10.4141
3.66089
2.48481
7.86554
12.1417
6.76448
-2.38462
9.64797
2.58075
1.69543
2.05779
3.58178
7.38504
-3.18662
18.3625
-4.24458
20.098
-3.31791
4.63119
9.71954
3.67835
12.1851
-0.296961
-3.15788
5.04287
9.12723
9.62614
3.23004
9.73918
7.67818
12.9932
6.16141
3.65911
2.47905
8.88585
4.7445
5.47568
10.9298
-3.66634
6.50643
10.6139
9.63509
4.98483
12.9224
10.2512
-11.0905
1.5079
6.55236
0.834183
2.04132
4.22115
4.36031
4.15648
2.77336
0.533515
7.93162
4.87937
-4.02219
4.57611
2.02733
0.168366
7.11979
1.03481
6.72865
1.58875
3.64996
1.26783
-0.898541
5.66162
-2.87667
-2.98185
4.94163
8.41081
7.40063
-8.2146
7.68637
2.6754
-4.65965
6.8286
2.61785
-0.326911
5.17352
19.2426
7.16535
4.0102
3.772
-3.2453
-7.90179
6.53285
3.05616
6.53618
-1.30104
-1.64503
3.63533
-0.165888
17.3238
5.19456
18.0246
5.77802
5.85973
-1.67949
3.7411
4.74205
9.66672
9.44128
10.278
10.9448
-2.23784
-2.07489
6.87952
12.1573
5.89447
6.64819
4.14796
7.08923
4.46614
9.45768
4.01101
7.19831
-2.90582
7.56302
6.93728
8.60117
7.92622
-2.41765
-8.40308
10.7243
4.07143
1.96798
-3.07204
8.04575
3.79273
6.12482
4.38664
-4.56919
8.51502
10.0459
7.66223
6.79781
3.5396
9.31208
7.23238
4.04729
8.79134
3.53799
8.68376
-1.21414
5.74495
8.82297
4.77803
12.8546
-1.25143
2.83563
2.48177
7.36657
9.38647
4.77002
14.2522
1.33384
3.85895
3.20256
2.55767
2.63789
5.19777
5.60258
4.11699
-2.24961
12.8782
-3.03418
3.49543
6.04857
2.00679
9.21519
-1.4011
2.02735
8.78903
6.54258
6.66276
6.46714
2.69148
12.1389
-4.97673
1.38793
-0.340882
1.82585
11.6134
13.7471
2.44105
12.1011
-2.1515
-1.72738
12.3076
4.44029
-2.51979
6.48866
15.3395
5.7252
-0.880065
9.4244
5.22515
10.0886
-3.66016
5.42653
12.8308
-7.28891
-2.58548
-2.32157
6.13915
-0.707268
4.25352
0.0461139
6.53495
5.5038
3.84664
6.83184
5.20026
4.0263
6.99478
7.71184
4.24103
0.681633
-3.68066
3.89836
-3.4822
1.11078
8.01001
13.1139
6.05162
6.97388
-2.56721
-4.88875
6.77696
-2.51257
6.04529
6.72734
6.36867
12.7655
8.41231
0.87057
7.55873
4.17406
-4.1249
11.6259
11.4358
-5.34102
3.33974
-7.29447
-2.83099
6.599
-1.84744
1.57578
6.06434
4.26032
8.69508
10.6823
-3.1338
-5.2527
-7.44798
1.02435
2.93932
7.08598
4.26566
2.19934
-3.00171
5.41379
-5.8207
-7.04183
0.722031
10.1546
0.201298
10.1717
6.6869
5.61653
7.17314
9.34151
0.136371
3.738
-3.93871
2.00814
-5.34458
7.19875
2.46193
2.89835
6.43874
0.959223
6.48568
8.7613
-7.35986
-3.87292
-0.560383
8.95242
-7.75455
2.61656
-6.34043
5.10375
3.24932
7.02667
7.4232
0.604267
-1.73991
2.33286
-2.09416
5.11245
2.87443
2.10136
-3.80731
2.65675
15.3683
6.32365
-2.32413
1.49153
2.6691
-6.00872
1.76063
8.49513
3.88079
6.89393
7.1774
-2.30254
4.5748
5.72597
2.31657
3.99855
10.5513
3.6438
2.89761
12.033
4.76409
3.07909
6.10612
5.22789
11.9639
4.17337
0.265578
11.3192
3.14098
5.48301
-0.0630062
4.68018
10.491
1.73088
-2.81885
5.83545
0.380857
1.57432
-2.07989
-3.17452
2.1151
4.35247
0.11279
5.65798
5.35493
-2.57464
-2.33389
-3.24254
10.9879
-4.71424
9.38783
2.15664
-1.53051
6.0658
4.14796
-1.95493
1.1701
8.49294
11.7737
8.54669
3.91373
8.91779
13.4521
-0.742899
4.31814
2.01588
0.735056
1.71266
-8.02829
11.0791
2.34211
-1.65051
-3.53851
-0.660079
9.00654
3.76829
1.59846
5.33845
8.44901
9.39753
8.09025
-0.714995
3.03331
1.39602
6.43053
3.38273
7.08814
14.2429
1.02852
7.17641
2.3491
5.43447
0.198961
17.9385
6.3858
11.2411
-1.5667
10.8583
6.16164
5.43907
14.6083
3.27409
2.99013
1.98778
2.03025
11.6067
2.466
5.15856
6.71088
13.0544
5.66547
1.89871
6.68442
3.69375
12.6341
6.6118
12.8032
5.6868
0.974876
10.2223
2.59347
2.17949
5.68072
1.34222
10.7462
-1.00051
-3.10486
12.3376
4.17337
-0.158613
4.64948
7.98182
-1.61198
13.8919
-3.22218
12.3136
12.1276
6.59399
-8.78207
4.63767
-0.59315
1.07234
8.01574
8.09913
7.94661
0.315847
-3.73973
-1.08268
2.52169
1.77174
-3.59459
-1.98708
7.91546
-0.0706779
-1.249
6.90134
1.04922
-3.99169
-1.24064
6.7963
0.19019
6.7051
2.85421
9.36135
11.8195
-1.50365
0.630274
4.38951
1.14958
-2.38457
13.4229
8.87262
-3.58153
2.97693
13.4982
3.84352
-1.4275
2.68139
6.37863
12.4146
1.81708
7.26047
9.51544
5.03418
5.7506
5.37792
-8.08481
0.684416
21.2584
12.1234
15.0378
1.29438
-1.37377
1.23424
10.3668
2.7529
0.1251
-1.90462
1.32836
-2.74559
-0.478702
-0.368712
15.1741
16.4683
4.72327
12.4754
14.7781
0.268639
-1.22258
15.6214
-1.56087
8.46002
-0.04894
10.4283
-4.04493
2.28274
8.0417
3.18369
1.70902
5.36518
-1.81073
1.2392
-0.688927
11.3414
4.29346
-0.196918
2.84385
2.41429
3.16091
8.00964
14.1416
4.3418
5.14954
2.98864
7.33576
9.8542
0.308916
9.29145
3.95004
-3.06568
4.59328
2.88561
9.38859
-2.28514
9.65177
-1.2673
-0.362779
7.3307
2.00097
7.95106
4.99747
3.50241
-0.866283
0.6879
-1.67078
3.81214
7.37438
4.60355
1.402
-0.622527
9.36781
-1.96258
9.52208
10.2002
11.4286
2.41755
10.0604
5.61391
-1.88907
5.13694
5.17846
9.58778
13.3785
8.20527
-0.718055
0.298209
6.3593
4.20668
4.26315
13.6614
11.0251
-0.261565
3.48641
-0.823912
4.77568
7.82941
3.73778
5.77452
0.349753
-2.88243
8.8453
13.2474
18.0419
6.05893
-5.50057
0.747603
5.81984
-5.97216
1.19445
3.95064
8.36622
-7.23612
2.79738
0.702937
10.4677
2.86038
8.15781
5.04102
7.02615
3.92407
5.15176
3.37088
4.52434
0.644236
3.51035
7.82288
5.13607
4.22009
7.42999
6.51461
13.1102
0.903106
-5.24192
3.18427
0.240196
-1.19239
2.06664
1.89021
-5.22969
3.70964
-3.42719
6.84027
4.84253
10.5389
5.01843
1.65873
-4.14089
2.56745
-7.21494
5.66352
6.88227
-2.70279
9.76096
2.40494
-1.47315
3.71314
9.03871
1.30946
5.23299
4.75725
0.43139
0.523882
3.68698
15.4388
3.81855
5.58684
5.46838
-4.31296
17.7044
-5.85737
-1.22399
-0.00752186
7.02889
10.4409
0.3686
4.47816
6.1851
9.37681
-1.83074
3.67664
0.875227
5.91218
2.16785
4.06907
7.44395
7.61963
-2.8882
8.58253
2.36962
12.3166
9.05722
1.24245
6.20221
8.52704
5.52869
14.2769
4.48617
-2.80767
8.34565
7.7936
1.10574
7.62944
9.49922
5.02723
1.34258
4.8401
-1.26592
8.44059
7.31922
0.984366
12.6437
10.4323
-3.96921
0.943177
9.07246
4.79816
7.03593
0.987549
-3.33823
7.18082
4.31641
-2.52577
8.47218
0.631382
4.15678
7.50428
10.0829
4.22241
0.536837
3.67125
-1.30999
8.92109
6.6984
7.14379
10.7279
-4.94412
-3.02107
5.63252
-1.39874
4.4628
8.76772
4.59753
13.2235
4.33879
8.38748
10.5785
0.00124049
5.34476
-0.115775
7.14233
1.55786
-1.05661
10.2363
-1.43745
5.04559
5.82743
6.82638
5.45482
5.36796
0.704388
7.06177
10.188
7.52041
5.53069
-1.34605
17.8809
4.50631
0.674875
9.4569
6.83491
1.59562
-2.12002
10.1257
-0.195116
3.513
4.95524
6.72079
6.16988
6.40069
7.74853
10.2261
1.31696
2.89675
3.84983
7.00585
3.72139
4.51332
4.61874
0.88775
6.76511
7.16676
7.71765
-4.53753
-7.48239
9.30036
0.778671
12.2441
-3.53584
1.40254
1.8861
11.3323
2.77296
7.43192
-3.57352
-3.23322
8.94625
7.63107
3.81646
0.829239
-0.0595575
-0.0842186
0.0160914
1.62586
13.0407
2.82486
7.23205
2.23708
8.74161
7.48131
10.3127
-0.601491
10.9554
0.584371
7.22281
7.51694
8.00466
7.74212
4.39462
9.56037
-4.10546
10.9605
1.46795
6.1866
1.91289
17.3106
-1.74659
1.51436
9.70757
6.18846
3.70472
0.0645803
3.52029
3.23806
8.9973
4.53593
-1.22658
7.55406
-3.95503
11.5595
5.76006
6.35228
-1.62013
4.4268
7.9764
0.731167
1.13633
12.6652
-0.924475
11.8114
-1.67809
5.75862
-5.54193
2.60113
14.131
11.6986
12.9794
3.44521
0.133521
4.45333
10.0867
6.25244
11.2907
6.36322
8.86779
4.57926
7.06425
1.72685
2.92042
1.34141
8.0851
5.47151
-5.43214
3.71506
5.46422
3.59403
5.94611
8.68828
5.84178
-7.63172
13.0221
0.408032
1.84077
-1.17336
13.5535
5.15901
-3.66804
4.60356
6.89208
3.46637
6.33591
3.91687
4.17008
3.50165
10.8485
-4.86066
3.06934
11.9
0.930196
-0.154773
8.96104
-3.88991
5.34747
1.60454
1.73886
2.05003
9.32497
-0.726055
0.0203547
-5.06892
0.936002
2.38504
6.28137
5.20618
-0.739657
7.07148
3.17365
11.9098
8.4453
-0.262121
-0.531563
14.0876
-2.6354
-0.0331853
1.49473
9.55486
3.00962
9.9035
-0.922927
13.1186
3.82552
1.7648
7.58058
9.03138
16.0039
-3.31667
-1.77004
3.80397
5.67601
6.16667
0.277177
2.23467
2.80569
-2.31308
2.31032
9.08373
-2.6499
3.1378
9.26896
0.653242
4.83238
-0.941134
4.95162
-1.17468
1.12884
-5.91106
14.3979
5.41959
-0.781284
0.288638
5.52457
4.59829
2.59913
5.1787
1.76008
3.34488
2.57132
15.2781
7.66491
1.22779
-0.951349
2.61755
3.65285
8.31779
10.9135
10.756
-5.00574
-3.39878
2.78287
10.3692
5.7795
0.934131
7.01969
7.86766
19.4868
-0.829064
5.85544
11.6031
5.72918
19.9525
-0.923787
6.37488
2.18246
4.23879
7.79479
-0.84592
4.44691
-2.06495
4.70811
7.79011
5.81236
3.39443
9.34656
1.5237
3.24251
11.1201
-0.827955
-4.39127
5.32438
1.99215
5.46923
11.1323
-5.08855
7.30938
1.84283
10.9941
1.50609
6.67066
2.30337
-5.70598
3.53525
-0.624579
3.27245
11.7352
9.60421
-1.24413
10.6503
3.63857
10.8676
1.45854
-4.32144
3.12437
5.23496
4.48864
2.72701
11.8257
-2.37308
8.67689
2.53879
4.18922
-0.0858483
4.42426
0.425659
4.22389
-0.328454
8.17335
3.80957
7.80861
9.03556
1.84615
7.32253
7.97617
6.96477
5.86459
8.43612
3.0829
8.68456
12.3213
7.18625
0.341577
9.3769
-3.42757
7.09449
6.58558
1.98089
-1.56751
-0.699248
3.27981
-1.02261
10.5429
8.81833
6.41775
-3.94616
8.34038
1.97677
10.6238
0.17192
2.45607
10.0823
-0.160955
5.57247
17.7232
-2.92343
9.62259
1.75795
4.16171
1.42241
14.9247
3.41374
3.1809
-3.3804
-2.05764
9.16134
-6.2396
2.16185
4.31585
8.70525
8.37357
-2.26653
3.22744
3.15424
-0.0536563
3.80631
5.60556
-3.96757
0.473721
0.947307
5.91535
7.97364
10.9878
6.8028
11.1817
-8.00176
0.686674
2.04331
7.00966
5.60716
8.34872
7.36033
6.0129
9.48246
-0.420662
9.2191
5.59821
1.77467
1.70865
6.75908
2.57297
7.75373
-4.93264
7.54726
1.46615
14.4231
6.27887
0.187387
2.05652
3.21145
3.89317
10.4012
3.03022
7.91563
4.58379
17.3901
3.20151
12.643
-0.379622
3.43735
10.7074
6.81234
2.72444
5.6564
-3.12724
13.2973
1.38421
12.3935
2.79772
1.0269
4.78159
8.77466
-2.01664
3.7814
12.9347
-2.79835
18.9025
8.18095
-0.521809
5.35095
12.9969
6.57439
10.4531
4.67368
3.18268
0.605954
9.5532
9.77247
-1.68107
2.59716
8.48861
-4.34124
11.2356
5.96815
6.4255
-0.489544
-6.09082
-0.729345
-1.89998
5.26268
-1.54005
4.50815
0.496725
6.76859
0.935847
3.70991
5.60851
5.43074
7.5061
7.89924
5.66023
0.176037
3.48561
4.33772
3.68759
10.7142
6.22483
0.7692
-0.293516
-0.825067
13.8639
5.43638
2.1623
-0.96986
5.66866
3.25276
3.32423
10.8397
7.95364
0.474355
3.36738
10.9205
4.92104
-2.34159
5.66809
6.40515
0.761182
0.659701
2.71025
2.89568
1.19018
4.56756
5.19915
-7.05647
-2.68068
6.40613
9.63897
14.6877
-3.36577
8.4881
-1.30635
11.2899
3.70913
2.7791
10.5829
2.78039
9.57751
-1.27054
-4.4024
2.70133
0.479624
8.21345
1.56072
6.93582
0.623572
-3.18713
-0.90912
8.78962
-4.02978
7.63549
-2.8042
3.09803
5.0964
-1.19821
6.75046
11.8105
0.536783
3.29673
11.6152
5.7805
5.56927
8.65205
6.41863
1.51934
-1.38459
4.25454
-0.878581
2.23915
0.404589
-1.06928
1.05355
-4.74716
5.06566
12.4887
11.4661
9.74286
-1.98104
-2.26418
7.05331
-2.48616
7.00349
-2.52549
-3.24308
2.42857
1.57424
14.5334
-0.0325376
9.937
-0.627076
5.11783
8.41708
4.17311
8.57419
-1.05687
-4.15961
0.626851
9.13702
-2.06322
-1.59415
4.71029
-3.8955
2.32221
5.63716
4.34846
6.28345
-5.74622
15.0949
-2.0452
-2.65783
8.57366
6.52368
3.53839
7.92141
5.0967
2.62161
3.8774
1.91402
14.5373
3.19229
-0.0578071
5.52183
-7.02439
2.4031
-4.04161
5.03119
6.16694
3.28633
3.03033
2.76077
4.33625
4.57679
7.65192
-0.873277
-8.22591
4.92992
2.26913
3.03435
2.41746
8.82743
-7.16437
-1.25269
8.28719
-9.27232
2.59333
2.09412
9.11068
-0.963551
4.76648
14.3947
8.44912
8.20641
-1.82336
14.5825
-0.183599
2.71692
13.8822
6.21819
13.8195
7.71627
7.04488
-1.91295
20.4586
16.6246
9.78294
4.12262
6.26522
1.67983
3.63177
8.13452
2.42305
-1.55047
-2.41592
-2.77094
1.04032
12.0961
3.55542
6.55201
0.169121
6.53925
5.14225
4.84128
-1.38688
10.4781
-8.36376
-9.4774
0.313207
5.56406
4.57669
5.53226
3.77479
2.97197
1.3402
5.76334
2.90213
-6.78922
5.14112
9.6792
-6.23456
4.91615
6.45871
0.137771
-1.60502
1.76925
5.79452
-1.05492
3.60175
-1.57233
6.00923
-1.02571
-1.2166
4.06058
1.71143
-3.22678
2.26846
0.420255
8.3224
8.16423
8.44024
0.291195
13.8205
5.4095
3.61141
7.26933
15.3992
6.32728
3.22049
9.57781
5.27495
1.81
6.81785
2.47376
6.67518
12.3046
3.86704
4.00289
2.31029
11.1908
2.08401
1.74959
8.20619
2.63963
2.27838
9.61754
15.3218
7.16045
8.26248
-0.536305
8.53549
-1.31954
8.4038
2.64039
12.3851
7.1588
8.10691
-0.858014
-0.199763
1.17823
7.46095
0.135256
-6.03317
2.55133
-0.270275
6.13105
-3.36811
9.14381
3.00411
-1.60275
-3.73781
10.3462
8.95531
-2.66525
10.3922
4.71217
7.41808
-0.615152
1.96452
1.09117
1.70085
8.67104
14.1975
-7.87965
1.2552
-5.8956
0.925477
3.63207
9.53188
2.73868
-0.672402
1.79006
6.57105
0.0840216
-2.87875
5.45508
-4.06749
8.95813
2.99361
-0.390155
5.30397
-3.00858
-1.53826
6.97189
-0.529393
-0.49614
14.7158
6.10522
3.70797
2.65498
-9.25778
10.2187
1.40413
9.00915
6.07219
0.144239
4.57918
7.30877
-1.71706
6.00021
0.91115
8.51933
-1.42144
1.20709
-5.2809
7.41881
5.85088
-0.754953
1.40549
1.34496
-4.2587
16.3678
6.81042
3.42891
10.1143
9.1098
9.92395
4.62867
4.51962
-3.34964
13.5699
8.82761
4.33337
7.93243
-6.18316
0.00757492
3.63416
2.06854
3.20861
2.62681
-5.44781
-1.17751
-0.519057
7.00594
-4.31484
1.29958
0.14512
4.22197
13.9413
3.83178
6.88138
-0.829305
7.74737
7.50826
3.24686
1.53702
9.43507
7.2711
8.88612
9.40563
8.11764
9.51718
-3.0601
2.03694
-0.69024
7.89693
3.03358
-0.740054
-1.13985
-1.02069
14.98
1.19413
-5.73596
4.09073
-1.24521
7.83957
6.83028
-2.20742
7.9614
17.6718
2.43348
-6.8525
3.34767
4.98471
3.75326
8.52991
1.42612
-2.28321
4.40997
-1.34167
8.84981
-1.58911
3.45611
12.7459
4.71634
-6.26042
5.78843
12.3367
7.29253
4.44328
-1.26484
1.63761
3.5847
4.8911
-3.23215
1.82295
-3.23061
5.7948
11.2871
4.46699
12.1576
6.26161
11.4689
4.25273
7.2734
8.96414
0.177077
1.01574
4.04529
5.16269
-6.3974
-0.161039
12.5965
-5.1954
5.5183
5.96925
-9.10219
10.213
1.91896
5.17129
-3.20946
12.9074
4.83741
1.66279
8.50425
1.74865
-0.970385
2.72026
7.30218
-1.5398
10.0366
3.04916
7.57648
2.79863
0.19378
1.32607
6.87989
4.98324
4.81918
-2.29547
9.75904
11.2663
7.59335
5.30535
7.53805
-4.64448
2.29992
6.49048
4.63678
2.03151
1.16783
-3.21861
1.53465
-3.89193
1.57773
12.3243
4.75441
12.9432
-0.384611
3.26002
5.76458
7.46107
7.41276
12.2831
10.5039
8.22471
4.69616
-2.98471
-2.35739
2.38016
13.776
-2.73057
-2.12801
2.80513
16.3649
-2.32122
3.97755
2.57021
6.09229
2.02115
4.48901
1.9641
0.0912862
9.6029
4.25027
10.2317
7.2072
-0.185081
12.4274
3.43017
4.11618
5.3264
-1.52983
-5.31508
-1.83256
0.745052
10.5871
12.6814
3.80094
-4.14652
0.927616
2.37243
8.95748
1.9244
-4.11651
5.21044
3.68145
6.53941
12.7155
-1.6258
10.2028
4.04811
14.9509
1.11998
9.83777
4.4989
0.429961
3.86236
6.07152
2.95001
9.73555
6.7228
-0.441353
6.51245
7.98852
7.91214
-4.82785
4.84358
-0.852318
8.10077
1.07594
2.4757
1.88658
2.04384
-6.53791
-3.40516
10.0444
8.41876
6.72375
17.9914
-3.63203
0.880528
3.31123
0.795726
1.742
-1.02944
-1.95961
4.24709
1.32719
3.7214
4.22325
-0.520213
-0.528318
1.43978
1.06662
6.69651
3.58079
8.41512
1.9276
5.19108
5.5751
12.4479
9.92942
10.146
8.2436
4.38539
8.95385
-0.476017
7.24421
-1.5511
8.5519
0.669117
-2.84248
3.68151
5.95412
3.74705
2.38536
4.11414
11.5291
2.32863
2.75651
1.30233
1.41301
-3.08923
0.580821
11.7524
11.7515
0.304938
8.04038
2.04848
11.5802
-5.94193
9.95999
-4.27558
6.10925
12.8557
6.68618
2.71992
-2.46146
10.311
2.00242
5.07694
0.00651163
5.14206
0.382917
8.53244
3.45754
3.11564
1.80988
-3.6371
2.02791
0.778196
4.12949
5.30174
4.48067
7.72223
0.796586
12.1682
10.1198
10.8968
8.64127
6.88117
3.35562
4.62608
5.50292
4.34216
11.7614
0.163919
5.98955
10.473
7.38784
15.8082
4.4825
15.0156
-3.04404
2.73552
6.89087
7.75186
1.50848
14.5617
3.87102
0.620695
4.48915
-5.27181
-5.17903
0.818273
0.183496
-0.41789
3.51608
7.32244
-6.39536
0.302602
11.2114
-3.87989
0.551591
-2.19655
4.00713
8.52509
5.08507
-3.48643
4.25492
-4.07663
9.16883
13.9303
2.34334
3.2097
-0.895012
-6.50122
3.55974
-4.50579
-1.18838
-1.55948
5.13813
5.21778
4.22347
3.97689
9.66054
5.22435
6.64125
1.51037
4.80437
10.9639
9.18405
-2.10173
-2.54105
14.3263
3.86402
3.25161
8.40421
5.40166
3.33809
-3.67631
8.26965
-4.70761
6.04872
2.68628
6.37589
10.715
9.46571
1.39526
-2.38562
1.50602
2.34828
-1.3337
10.125
-0.839335
1.00875
0.741529
10.8536
3.94146
15.099
6.48584
4.20672
3.95555
-0.43402
2.45733
2.20917
3.53394
4.57025
-7.12293
3.32277
0.853792
-0.393622
5.01717
9.24245
-3.95468
6.90041
6.73621
4.85788
1.04932
9.5317
0.255023
-0.664051
-3.89958
5.87818
12.5988
6.67554
6.0074
0.924788
8.47056
-1.03567
-2.37137
2.89396
6.02384
3.52896
-7.24516
5.41159
5.85192
11.6243
-1.61013
-3.29916
4.95511
-0.285544
3.93306
11.3783
0.511656
8.10442
9.51818
3.03779
2.82706
9.01911
12.2995
7.12229
7.026
-1.84962
0.867387
4.14563
1.61776
8.25147
-4.68211
-2.53218
9.74024
1.54947
10.8611
9.00426
5.5591
8.91638
12.5159
6.2682
5.30004
-4.72376
10.5569
1.42084
-0.394951
-1.58097
3.91341
2.6173
-0.795288
0.659038
5.46921
-0.430798
2.30163
-3.5323
8.35573
-3.40382
2.82731
7.02133
6.07301
9.05323
12.7323
6.55344
0.307033
0.360463
15.358
4.16005
-1.52867
-2.70602
-3.23311
15.5079
0.607949
-1.53991
1.7007
0.536057
-0.646248
-1.13292
10.4865
5.86134
6.59447
-0.512812
-4.81594
-2.41754
-3.09786
-8.40648
12.3823
3.06437
9.33793
-0.81636
9.66572
4.79629
-2.23243
8.21892
9.40197
17.4634
-4.13444
-0.494179
16.0392
4.78769
8.29433
4.74409
12.904
-1.83411
7.88259
1.12972
3.79262
1.09237
-1.64679
0.590425
5.72238
7.78841
1.29035
5.08868
2.21666
5.12771
-0.330459
3.79357
2.45791
6.09751
-4.21407
11.3589
-0.830049
-3.43619
-3.87224
12.583
8.41692
2.71098
-0.0342233
2.07666
7.29206
6.38494
1.0508
-4.53876
5.55135
10.2721
4.98436
8.93829
0.0718264
1.38553
1.22975
-0.343583
-0.104903
5.68147
5.412
-0.401494
-0.94791
9.81856
2.14798
6.49065
10.1816
6.48296
7.0262
6.07918
11.0577
6.56318
-0.417882
5.79315
-4.10392
13.2372
-0.658422
0.187192
4.76658
8.10131
7.7662
5.49605
-10.2147
4.42781
8.09332
3.34628
4.17094
1.35044
0.745782
0.956535
6.69053
7.16178
3.19722
0.102334
5.12896
7.4956
12.095
3.04731
-1.19119
17.0298
10.8147
2.71216
-0.109303
6.00032
3.77526
-1.886
8.89868
7.43169
-2.63087
3.524
7.39578
5.74626
3.64993
-5.35712
5.17906
8.40256
4.01099
8.11551
2.04889
1.66069
-1.8606
-0.190721
7.16799
2.33219
-0.238518
8.73944
0.400601
6.7281
8.79796
0.92788
11.5754
2.63375
9.15099
11.4249
12.7286
2.89212
6.93191
3.76612
4.19515
8.99475
7.13186
2.81297
-6.25596
2.1452
10.1113
-4.96508
-6.20706
1.72662
10.5127
0.218241
1.3341
2.19423
11.912
3.55277
-0.710488
3.40807
-1.55194
-7.51215
1.93034
-3.44492
6.49884
3.58606
7.29464
13.3458
2.94284
7.99431
2.78449
10.5922
-1.67764
5.90732
-6.75016
2.70362
7.08689
2.65093
9.37615
9.05075
14.4267
5.28881
2.70232
5.9697
-4.0025
6.28015
1.6366
5.44295
5.88815
5.12534
7.46218
12.8367
7.69098
7.06137
4.92062
5.59077
2.72661
6.09429
0.958734
6.86193
-2.10385
1.98275
5.9369
3.70156
5.71366
8.23413
4.26814
1.67068
6.4989
1.25608
4.16778
-1.8409
8.28557
8.74742
6.95562
7.75787
1.89208
0.31813
1.18541
-2.73876
7.34421
4.67322
3.15575
-1.97419
2.14366
4.99005
-5.83546
6.15223
6.43637
-9.65349
4.69115
9.46339
10.1647
8.46973
9.10046
-0.2121
14.5139
6.17309
2.28213
-2.77856
2.73637
8.54473
3.81862
5.63796
6.17516
5.33863
4.95934
1.26206
2.14349
-0.881301
11.2187
1.80508
13.3177
13.8066
-0.88074
-2.35482
6.48928
7.34725
3.4416
8.54341
5.99077
6.07729
1.02221
-2.47412
3.10038
3.40637
4.86636
6.34835
4.18363
2.63568
5.03107
6.39583
-3.12904
4.54424
-4.62132
6.44785
1.25597
3.19675
6.64928
5.01535
6.37292
-2.16894
7.88676
-2.59632
4.65119
7.37164
0.555638
4.40102
14.5883
3.44115
-0.434251
10.6676
-0.862984
2.22091
0.335185
-1.384
6.80602
4.9936
1.62576
-1.19023
2.08628
9.24543
2.89281
6.96193
0.357767
10.8061
2.61563
8.38979
-11.2839
-6.28029
1.65923
4.50131
10.0621
8.40643
5.84237
7.10137
3.26777
5.46812
4.19466
-2.75652
-5.99417
8.73796
-4.97063
6.14997
8.45589
8.26365
-1.22485
1.38593
-1.38124
5.11076
-3.14471
1.79038
2.444
1.2703
-2.33027
-7.74783
-10.7224
7.18573
12.7015
8.92271
5.68177
0.8607
2.52089
11.7764
6.51254
4.62952
2.1112
1.3715
3.63953
4.1169
11.6069
1.64255
3.80494
-1.50724
4.86215
5.65189
5.33038
-6.2714
11.5748
7.30322
3.42895
1.52669
6.25033
2.85235
3.88307
4.73041
5.08906
1.92202
9.50391
1.84469
1.23734
-1.70667
0.199251
-6.28234
4.22048
-2.30583
2.69369
3.81891
0.0717158
-1.6867
10.1063
6.48019
5.57253
3.381
-1.53397
8.35787
5.44764
0.957598
3.22226
3.66802
1.88772
11.0738
8.71553
8.37793
7.83606
9.1903
4.49479
1.71807
2.15029
2.84302
-2.52151
9.72974
7.2379
7.62604
3.79489
0.306586
3.6658
8.42521
6.46148
-4.56343
3.73654
8.74108
5.25708
5.21963
-0.108267
0.863987
4.03084
6.81486
10.7698
3.32999
4.16996
5.84944
4.66244
4.3006
4.97289
3.59739
5.50833
5.36139
2.19009
2.68759
3.89581
4.56536
3.30662
-4.80233
3.82272
2.77067
3.79419
9.65297
-4.82186
7.58634
7.74458
1.3421
2.88328
1.66632
0.469958
3.43796
8.1162
5.08051
11.5488
4.58915
4.93001
2.35656
9.72299
3.44544
-1.75387
5.34893
-1.51177
0.888209
3.95134
-1.53329
6.47807
9.08455
4.06867
1.578
-3.3368
14.8698
0.773347
1.74873
1.67437
15.9012
4.8502
0.600443
12.0038
5.68501
11.8877
7.24655
9.99819
5.80449
9.30561
-1.55042
-1.92522
2.49245
4.34002
-0.871917
1.24661
4.48796
3.42136
3.29416
1.56886
6.27335
1.71688
-8.68156
6.13982
4.83171
6.79232
3.98492
1.73165
-0.91203
7.22413
13.7346
1.81235
0.662655
2.17425
13.3729
14.1708
-5.02337
5.41868
-12.3598
-0.0274043
6.52747
0.69081
-4.03527
1.981
3.75609
7.12663
-1.46676
1.09225
5.54574
15.4452
9.91808
3.1944
-0.846363
-0.471488
-9.62812
0.944336
9.06942
-4.93721
9.97886
-4.66658
12.1078
-1.7866
6.3708
1.44416
11.5082
1.56168
-8.16822
1.3835
11.0457
11.8596
0.558438
5.22534
7.70586
6.12749
6.14416
6.61043
5.56246
-0.405579
-3.87985
-5.3029
3.3412
0.961009
-3.62397
2.52228
1.18642
0.0329826
6.13628
-0.95857
3.65898
6.14679
-0.527863
14.2605
-0.177099
2.96952
10.8707
-5.26101
8.85422
5.16101
10.7859
14.4027
-2.59016
5.83099
7.2352
1.18679
-6.22266
-0.314258
4.02919
2.24232
4.99276
19.5873
9.61554
0.0690676
-1.62849
-2.12171
-2.90025
-0.664508
4.09197
1.11626
0.198814
3.5234
12.5949
15.8233
-3.18637
5.45737
2.89966
4.96763
0.806292
-1.45505
15.5428
-0.226544
-1.61585
2.21189
4.18658
6.36751
2.85037
-0.468304
3.60816
7.63561
5.37773
11.0748
-6.27182
0.412995
8.10832
4.34258
4.4186
-1.38053
0.846224
4.88115
7.94914
-4.10722
4.93834
-2.82851
-0.63666
5.01341
8.91505
0.544759
-2.219
3.78535
6.83369
4.00266
-2.96385
6.71279
4.28889
5.19967
-8.80587
1.40231
11.9411
4.01274
-1.26648
9.10528
1.72252
5.36415
1.80482
-2.0627
-0.686056
10.1047
1.66091
11.6489
0.359524
5.37752
5.9863
8.22578
3.16444
1.96746
0.632385
10.0002
3.7604
1.59283
-1.69437
-3.60659
1.41827
0.185112
2.19105
0.308585
-5.99936
10.3728
4.58626
-4.8596
15.5286
5.44392
6.36061
4.98346
4.53948
7.78354
8.0887
7.25404
7.07478
8.89666
7.31442
6.2266
7.07686
5.88662
5.7961
9.31456
2.26912
2.15584
3.31963
-1.73716
4.22354
1.28188
4.50542
4.11084
9.88469
4.56373
14.1538
1.40475
10.545
6.03277
0.849994
0.077096
6.46828
-6.77693
-0.585189
5.13851
0.628111
5.98453
1.39964
8.93847
-2.01957
-2.62065
-1.86318
1.66077
9.66321
5.70215
8.69747
2.28227
6.53857
0.681088
1.60131
4.3975
-3.44488
13.2677
5.12529
7.78707
-0.726753
6.58306
4.5869
2.06464
-2.28378
-1.04287
0.160047
2.62628
1.12143
3.21507
-1.29999
2.51227
7.31738
-1.78751
-3.74417
6.87627
-7.44908
16.673
8.76366
-2.25096
9.24456
14.2123
11.1377
-0.858383
2.58904
11.5352
3.72992
-1.07862
11.0788
-8.80811
4.6464
1.51565
-4.35119
1.43349
7.90756
12.1784
12.1235
3.65764
-7.72365
0.705429
2.03698
0.137921
1.71376
5.35509
10.7828
10.1623
7.09242
8.15115
-2.64981
2.66306
2.4221
2.83535
1.20801
10.7243
8.31071
7.40473
1.68128
8.63878
2.83526
15.821
-4.08256
16.1526
4.18445
4.11925
-2.99705
5.95224
10.7131
8.26403
1.80956
3.96283
1.49333
0.103316
6.28884
-1.48882
-3.25959
-1.32963
-3.87522
-1.67837
-3.01296
-2.92224
7.17892
-2.28353
5.95632
-1.27296
-1.25834
-2.86706
12.4607
7.22679
2.35377
9.006
5.57259
9.0688
7.38558
8.70343
7.38542
3.38462
8.41581
-5.1498
3.36216
-6.67246
-2.52778
2.8056
2.03678
9.18082
11.2292
12.8578
4.38833
-3.81253
1.88627
0.0616064
-0.68502
10.0842
-0.875124
1.90133
5.74842
2.72045
1.48095
-0.399673
10.5472
-1.16748
4.62874
5.04046
-1.27661
-2.25447
9.95552
2.45102
6.4709
8.43216
1.32978
-1.14562
12.7096
3.78687
1.35587
4.72316
2.43185
0.322599
10.1464
-1.17752
0.632816
1.91363
7.2184
-0.137749
10.9662
6.11715
-3.50938
0.403809
0.70389
-0.872096
3.56526
0.148993
0.27256
3.82594
6.39978
6.36512
0.684174
2.17819
6.8905
4.39841
6.95874
2.30499
7.45828
-0.527162
3.50406
2.72221
0.647899
4.16541
16.0066
2.63871
-0.815009
6.97382
2.77082
0.459261
1.59363
12.7102
2.72017
-3.26851
6.72216
6.11334
7.40772
3.08574
-1.68509
2.61335
10.1746
-7.91451
7.73649
10.7728
7.67019
-0.43097
-3.92013
10.1806
-4.44855
11.4433
7.52147
-7.90585
2.84517
-3.39705
4.57878
3.00049
13.7728
2.18632
6.36588
3.35382
7.35821
3.30706
10.416
-4.98889
-2.50197
4.98923
-0.399121
-2.42538
-6.63933
17.1833
7.53174
4.87565
5.7221
-5.32344
-3.75665
3.10718
-3.99021
-0.615935
3.45315
6.65154
-1.71073
6.6419
8.87176
1.67916
-3.06494
10.9922
4.22276
5.56273
5.6286
4.95423
-1.66958
0.357299
13.9594
-4.31935
2.04469
12.2662
4.17079
4.831
2.81169
9.7928
6.87634
16.8077
5.13955
-3.64473
8.35602
7.51494
3.40704
2.71638
10.2338
8.57842
-2.69427
2.91707
12.2481
8.63638
11.2959
6.13098
6.07301
-5.23362
-0.187025
-3.39759
6.60775
9.15717
12.8492
0.983063
18.1045
2.81871
6.41259
-0.357061
6.76006
6.05749
-6.38609
9.77153
-3.9007
10.4895
1.98903
-2.09838
2.0424
0.262539
2.67152
5.54412
-2.84588
-1.39986
0.00780608
11.2017
4.04444
2.19123
-5.67914
0.0897018
18.7002
10.6006
-0.179086
1.59858
7.34388
10.2207
10.3815
3.35833
10.2636
-6.84618
1.77235
-1.1776
10.3295
4.82259
5.70635
-0.218083
7.47713
6.19186
1.42927
6.17648
9.75756
-2.83935
6.5023
13.2559
8.57262
8.99046
6.17853
-0.0824767
-2.08288
1.50557
-2.21267
4.27286
5.60893
10.0902
2.67164
-7.39537
9.8496
16.3361
11.8463
-3.77
7.92029
4.35651
15.0668
10.4199
3.57039
9.82163
1.49834
6.00857
2.03369
-3.76172
2.53783
2.63741
6.97497
-1.19612
2.71727
13.2685
-1.60181
1.56772
2.54079
8.10862
9.14496
3.30238
7.47105
9.78107
4.4699
8.45095
2.47152
-4.07826
-3.26421
17.3837
11.3883
5.97222
9.9317
7.55666
8.1297
5.92681
2.27836
-0.407909
1.77429
-1.15072
5.06162
-1.67785
0.244822
5.58737
10.3624
-3.0162
4.12652
-2.48782
0.99356
-3.83441
9.63171
-2.50394
-0.848404
0.950123
13.2958
-9.02297
1.1928
4.18682
10.4727
-7.92254
5.92825
5.25652
-1.22851
-2.16614
-3.60227
9.11492
-1.66959
9.13477
5.34939
8.82994
-6.14623
8.45161
-3.93281
2.40408
7.59874
3.20272
16.1541
-4.69198
2.32541
18.4926
5.67123
2.21669
7.22965
-0.603007
13.4367
4.67979
2.32364
2.04687
5.9911
-6.85393
6.88109
6.19486
8.81317
6.36913
3.99429
7.07183
1.60088
10.9933
5.91541
8.52369
2.83898
-5.05765
1.34113
-3.78739
2.05416
4.29866
2.95428
-2.80998
4.02184
0.0406788
9.55998
7.67893
8.70801
2.40729
1.83663
4.9668
2.60273
-2.96768
2.60495
1.6374
6.08594
9.53317
1.34698
-1.74115
-0.0293884
6.25252
4.6797
11.8613
7.18956
0.985016
8.5226
-1.33578
3.1091
-4.36963
0.798893
6.40134
1.3789
0.47673
0.762129
-0.0312236
8.86359
0.195854
6.67996
0.862228
4.09247
-8.17783
-4.06875
9.86743
-0.994874
-1.85665
2.74492
8.7174
1.40768
-1.32473
9.85384
3.18142
2.86973
1.42225
-2.12144
2.69256
7.33207
5.89296
9.55074
1.75128
1.63107
17.3011
-1.00079
5.93344
-3.54639
0.0169659
0.0605551
2.37815
-5.08866
-3.38938
10.1259
5.28368
11.5409
1.81903
4.28798
-5.46211
13.3301
2.25037
2.06079
4.30381
-3.73831
13.2918
13.11
5.95118
9.82329
0.535121
0.638673
6.41246
0.709692
-0.163089
4.79714
4.0589
1.25724
2.44672
10.5698
-3.79196
-1.25755
-1.91334
8.67
3.18303
-3.46743
7.35228
2.78038
-0.346293
14.2882
4.75336
5.98397
0.920652
-0.596841
2.65719
0.364708
0.413725
0.721473
14.0725
3.82455
6.27814
14.4513
9.59305
0.912197
5.348
10.296
2.74741
-5.27128
4.016
5.22524
3.57859
-0.599611
5.35892
11.391
15.3586
4.73036
6.75398
6.20944
-6.25187
11.8214
1.77649
2.91212
4.90272
5.41844
6.16029
2.92158
0.518172
4.36269
4.69509
-4.80206
12.5104
11.595
5.32809
5.75464
6.42246
14.9691
6.5615
8.32468
4.38476
7.82537
0.288785
0.794997
3.83402
-1.02851
0.814084
4.89365
7.11501
2.21715
6.23344
3.65216
3.94678
6.53763
7.66892
6.61895
-4.29549
2.42576
7.44527
7.33975
8.29632
8.22582
1.27801
2.22181
5.46384
-1.08324
4.87051
-2.37511
9.34453
3.66029
20.1575
7.83611
9.65654
-0.0692587
7.1689
2.65249
3.92891
6.97889
3.62292
7.8887
-1.38086
6.47227
4.7766
6.6482
11.6578
1.21629
6.19801
-0.695151
13.3063
-0.000947281
12.6306
-9.77336
8.41012
7.09832
8.81735
4.59671
5.69011
12.2572
12.1526
2.33895
5.83514
8.86327
12.2375
2.88652
9.5988
1.54715
1.85502
6.78756
-1.55321
6.40942
8.07641
11.4549
1.3162
1.53508
8.92282
13.3347
2.14645
10.2063
3.53762
11.9255
4.07512
-2.32898
10.0068
8.15412
2.35488
6.28021
13.0671
9.76146
7.01222
-0.0154492
-6.61436
4.3103
8.50118
8.59869
4.13756
4.90397
6.27895
8.44177
11.6044
4.66107
-0.816944
1.11432
7.52854
10.7362
8.36957
7.21373
-2.13174
3.28815
-3.83106
6.42162
2.45745
3.64911
1.87302
6.15079
-0.725703
3.75973
3.16718
3.83307
0.51661
3.66047
-4.31334
1.88725
-0.274056
1.89192
11.4527
-4.67185
5.4474
2.54401
5.7175
4.65955
9.27633
3.85349
8.73488
4.9748
7.9486
3.26197
6.39074
-3.21408
-0.627828
2.96
7.13304
-5.85687
-0.985207
5.29302
10.2763
3.37761
4.44163
-0.217373
3.11966
1.34089
5.79477
13.5996
1.57819
9.30214
5.7913
1.93328
5.86981
13.7733
-1.96082
0.663914
3.68894
0.543936
0.278251
-3.69679
16.6844
-8.93761
7.22231
0.271553
3.27606
0.108279
2.86926
3.82089
9.2838
0.159114
-1.52815
24.0429
5.84464
7.16327
0.400991
5.7281
-0.84888
1.35777
7.75873
8.10994
5.34072
-0.750108
-0.420598
4.0394
9.59055
11.3303
1.4886
0.912787
-1.34815
2.805
11.0801
9.90735
5.73563
8.62234
11.3393
8.86084
-4.10556
2.72323
5.17076
-2.16357
4.62155
1.1906
-5.64187
6.76513
11.6103
-0.85752
5.28099
-1.19861
12.3591
-0.61792
4.58561
6.12153
-2.29257
2.79833
2.15522
3.62586
2.16338
8.00994
4.53956
9.63734
5.36349
2.31699
2.88356
12.1944
8.31299
6.83346
8.4655
11.0118
5.05225
10.9884
7.6394
1.00753
7.04421
3.41112
5.32143
0.787914
5.98417
-0.305346
-2.49761
0.235696
10.927
7.24932
11.4095
-7.79773
-2.04073
8.8191
2.43588
9.72022
3.90665
-3.50905
-0.987346
6.51372
0.248327
5.72389
3.77031
1.43202
-2.0277
-2.14725
0.154322
5.48261
1.60859
-8.38501
0.301214
5.24111
2.1209
7.39952
3.89883
11.2944
7.13209
6.71596
8.43639
9.06572
9.78044
4.47931
-1.11067
0.783604
1.89942
1.0109
4.92771
3.18707
1.05004
6.16216
8.64358
-4.4537
0.688552
8.83006
6.49234
5.58993
-5.26237
-7.48977
2.49879
3.93629
3.00093
0.106196
5.29792
2.57126
5.52635
5.6287
11.1471
2.15467
9.703
0.362369
1.91112
3.17996
-1.6683
5.85036
6.03743
1.28014
5.74429
-5.15402
-3.12973
13.7979
8.26485
6.8306
4.65582
2.63775
3.23582
6.05438
3.76607
-1.92129
4.48399
0.93851
-3.79104
1.47906
8.78678
15.3916
6.57726
5.52654
4.23572
8.96468
6.59265
7.33239
-0.649481
2.23096
3.60029
4.04156
-1.90643
-0.762335
2.01098
-4.47743
5.44927
3.32268
2.69357
1.51885
16.7816
6.97101
4.31442
1.439
0.967091
4.39459
5.9483
-1.34151
10.3074
3.66599
7.6169
3.49975
9.69236
5.26071
1.15416
-2.12525
9.80963
1.62647
11.3465
7.74984
0.681319
-4.33508
-0.985847
18.5903
9.01973
11.8696
13.6737
0.270424
6.18391
-3.64882
1.39491
5.49069
4.71713
11.6505
8.21351
19.8567
8.64263
9.50708
-0.0375626
3.70669
3.71598
1.59316
11.3612
-2.82145
-3.76702
4.92462
6.98042
8.32061
12.7316
2.08923
7.6069
9.45315
4.81802
11.9857
9.78048
10.3302
-3.06094
0.795676
5.57456
11.2035
10.7798
-0.370936
1.75822
4.44321
-2.49772
14.3848
3.70932
14.7664
9.63826
2.13418
11.8431
-0.632305
5.5691
10.8437
1.00608
5.7969
-2.86017
10.0579
5.87459
6.19812
6.28706
-2.1702
13.2763
10.2087
11.409
-1.70693
-0.427987
-3.63526
-1.93202
8.13208
1.75804
14.4664
-5.42586
11.6448
10.0292
10.9223
3.47084
9.12872
1.05157
-5.70577
0.222143
7.67087
-4.42289
-0.12991
5.44247
6.07524
3.08749
7.83754
7.27606
2.72685
11.3503
7.58886
6.1406
3.98433
5.85554
-0.746944
-2.11104
-2.26224
12.2451
13.1529
5.86575
0.695596
5.61513
6.59865
4.22988
7.1554
4.46954
-0.925679
10.3865
1.08211
4.77857
3.956
-1.52562
1.13993
12.0542
8.72404
5.40632
-0.484187
5.12124
11.9876
3.11546
-4.54039
3.86368
-5.79695
-3.96578
5.76923
1.2724
1.59811
6.73077
-1.53343
-5.19848
10.1487
7.54968
-0.980633
2.63809
5.76823
2.04741
-0.698681
3.51114
3.99773
-3.33454
-2.49906
8.71896
-3.21254
3.02019
4.5816
5.42345
-0.985947
1.80366
2.83806
-2.40518
8.30583
7.53627
6.81076
4.62502
10.091
6.0541
8.23957
2.87927
5.07586
4.17559
-1.69518
4.30286
2.50269
5.65185
-3.72444
1.79111
2.88616
2.26126
3.88695
2.28229
2.22656
-0.132232
7.21091
1.62381
8.14278
2.7542
7.81739
3.88041
7.7818
4.49681
4.50526
-1.59064
3.38225
10.5318
14.7791
9.66671
0.149683
-5.04375
4.93944
7.06284
2.36508
6.97695
4.62649
7.01164
0.455438
8.55719
7.93591
-0.52116
3.46856
-2.01532
3.33534
-3.08871
-4.82804
-11.5941
4.61884
8.76025
-6.84842
3.81826
-2.85396
10.4948
6.06506
2.01285
2.47602
1.76785
2.56741
6.44225
7.53918
-1.14549
0.79573
-5.56743
6.38559
4.65381
-4.47612
-1.16828
-3.43403
10.6822
9.40188
3.43789
10.2735
-1.22668
1.4134
7.68821
5.66971
4.51545
12.3109
1.43131
3.98363
8.84695
7.36996
6.30651
1.72525
5.57875
1.3893
5.9534
8.9272
2.46745
8.57621
7.35149
4.06568
11.8079
6.77378
8.83545
14.452
4.34641
5.63314
8.42617
1.4754
-4.59156
-6.28478
3.08684
-1.96818
4.08304
-0.090961
1.13781
1.94063
6.88984
2.79134
0.760755
0.25728
-3.57687
5.51593
4.32829
-3.52447
-1.96544
4.27152
-3.16905
6.26712
-6.21489
2.99983
-1.7025
10.5823
8.49679
11.7605
-1.8672
1.38189
-3.34807
-0.65438
6.64807
4.8026
11.9606
3.50073
5.07883
-1.65041
10.2952
-3.53932
0.48022
2.55908
-0.252717
6.0654
-4.63288
-0.105128
13.9459
2.95511
6.92727
12.0558
3.78963
-2.15981
11.7766
0.16684
2.70523
0.829822
10.8353
-5.25201
7.09164
10.5865
9.37353
-2.53621
2.64837
-1.4184
0.559168
0.211929
8.7765
-2.84882
3.32558
5.18827
2.56232
5.62354
1.58929
-1.45914
4.88148
4.05105
8.35171
-3.07362
-1.80526
3.53555
7.5187
0.825555
3.00846
5.3178
6.53576
0.239551
9.19226
-2.88252
-0.491468
4.24236
-0.439702
9.2495
6.17976
8.19092
9.70022
8.18895
7.46339
4.72132
5.97215
4.16205
-5.42345
1.70711
10.3977
12.0054
7.87631
8.68355
6.7254
-1.50864
3.95887
8.34529
8.35999
-4.39101
2.61313
-2.3447
5.99767
0.598882
-1.08468
-0.549404
0.0185216
9.66513
7.83943
9.71659
7.83047
4.79478
4.24124
-2.77934
-0.304968
2.25113
6.61305
2.80006
1.72238
14.8229
3.26071
3.29487
3.1459
10.5747
0.219746
1.67355
4.81059
2.28118
1.57383
4.17034
6.34888
2.19712
4.24809
10.4602
10.5419
3.95791
1.67147
9.47623
4.51622
-4.36069
-3.08544
0.424006
13.2578
1.02067
9.92928
4.86506
4.02861
6.76531
7.96237
6.51354
3.55322
-0.965466
0.340167
-1.08191
-1.988
2.15245
5.94638
10.9689
2.07219
3.02269
1.58561
-1.82272
2.39295
9.82204
4.13142
6.30835
5.47828
0.109079
5.79844
7.19872
-3.74736
5.6531
8.9327
-0.130128
8.76214
5.72693
8.19506
7.57971
4.82235
-10.3447
7.3045
-0.2247
6.77913
1.09183
1.79193
5.63184
2.23275
-2.31954
-1.68115
7.70344
0.0365653
8.08258
9.81739
8.27874
4.38436
-0.0171422
14.9829
12.1347
11.27
11.7672
6.12838
-3.68465
-4.89427
1.30514
-2.58358
4.04868
3.79586
2.12323
6.75585
5.3195
0.462509
-2.46434
-0.331564
6.22601
0.345
4.69493
9.8808
-4.60191
8.10491
4.18775
-0.204942
2.06881
-5.83895
2.55811
0.119255
8.67397
13.8562
5.05742
10.0794
6.9034
-0.119286
8.18484
7.44552
7.51588
2.40173
3.39075
-4.95597
6.35271
-4.94696
5.12339
1.60584
5.53232
-2.82109
5.61857
0.891849
7.26498
2.87434
6.19594
8.03793
10.9386
1.14849
-0.548172
5.84666
7.676
-0.44054
3.92701
12.2289
-4.01511
10.5326
11.2032
10.7878
15.4286
4.28434
-1.3954
-4.95492
-2.53671
5.57095
15.3962
0.964871
2.43786
8.72316
0.073798
7.16236
5.41802
5.7437
7.23069
12.4558
2.45283
-2.69924
-0.247445
12.5241
5.58922
12.6379
4.48325
7.79502
8.92854
3.06967
-2.60528
2.19177
7.97734
4.01154
-3.75426
1.57268
4.04583
-4.34729
3.59739
-0.798756
-1.02604
1.50121
5.35947
-3.92535
13.3398
0.614103
9.19532
5.41487
3.92253
3.62829
4.87061
0.952298
15.752
3.47136
-1.17621
-2.98221
4.75997
4.65546
13.8398
5.9107
14.3786
1.17386
2.83242
6.59166
3.17101
1.02964
10.3116
-5.02586
5.99692
11.2129
-2.56315
0.502433
-2.64788
-4.16909
0.101938
3.93362
-2.65706
4.68975
13.028
13.4184
4.00185
5.56125
12.4443
7.09235
11.3667
-4.15451
9.69585
3.97229
10.252
11.6002
6.37843
4.92914
7.42356
-4.93042
9.13813
10.3149
4.91569
-2.90641
8.29807
4.37902
8.39643
8.14539
1.60106
2.32705
9.22715
10.4811
3.35547
7.22233
7.4545
2.88187
4.50693
1.09104
12.8686
3.91709
3.90287
-0.742074
5.15028
-0.632969
4.21125
3.49921
-2.57995
11.6651
7.47585
14.3251
2.68201
6.67922
-3.312
-0.658354
1.53266
5.6974
10.9997
5.42445
10.9547
9.60425
-1.30659
-2.84068
2.74217
-1.18681
0.736332
4.4431
2.38883
5.68641
5.52391
-0.851945
7.32218
-0.0392093
5.99182
-0.0497997
-2.32621
0.442251
4.55768
2.30768
1.19083
-1.22637
3.89682
9.51392
12.0856
14.8092
-2.46345
-2.42788
7.10162
5.57458
10.9174
0.756097
0.27707
-1.04815
7.53348
-1.6815
-0.892253
-3.3579
0.0236624
2.14462
1.10934
11.2652
4.22834
10.2534
2.18348
12.931
10.3342
7.42615
-0.260377
3.45114
4.34197
3.79549
6.56617
6.88804
2.34697
-2.33138
2.72425
7.83273
10.7212
6.59771
1.12168
4.89607
7.87644
5.04084
3.19918
11.5446
5.25376
4.53749
5.63018
6.33885
7.81651
-2.10575
7.57003
6.20581
3.99701
0.814649
-2.85044
-2.17614
10.0333
12.277
3.22007
0.154674
-3.56253
0.714001
3.8089
5.88173
0.633847
6.3982
3.19523
0.226605
1.61899
4.5492
10.0245
7.95094
-4.37747
5.47815
5.09491
7.40632
12.142
9.25804
1.26345
-3.23261
7.0029
7.42891
12.0718
6.90818
2.99748
6.18743
2.07439
11.9202
8.53923
6.17744
5.17547
10.9404
6.92055
1.47702
9.87479
12.2476
5.51491
5.86267
2.68814
6.32228
3.62266
4.62436
5.97401
4.56321
2.61202
-2.47862
2.60676
9.61214
0.0658286
10.0146
-3.16246
5.5441
3.76579
1.00482
9.47304
-1.89146
10.5387
3.16486
1.54252
10.0901
7.25576
5.16809
8.91243
12.0087
3.18907
4.65701
5.08025
3.02162
9.52305
5.65836
13.3871
-1.49184
0.517143
6.02466
0.364087
-2.26294
3.7604
-0.169333
5.47736
2.4222
-1.34974
8.20613
11.1493
5.54281
0.277534
3.19363
6.54001
2.97957
-0.413044
-2.3831
2.17194
6.75846
-2.66794
5.84083
7.21622
6.98523
0.368021
8.47834
8.1107
4.98074
-1.81556
-2.89472
7.54194
5.34047
-0.597678
-0.077244
3.36423
0.504306
6.46004
7.27937
12.7582
4.69578
0.656917
3.54375
0.573406
14.4135
14.3483
0.894236
-3.15089
-0.165816
0.60062
6.14874
2.53382
-0.804121
10.3335
0.661971
4.16073
-2.13644
1.5862
6.65125
5.59792
12.0844
14.8771
9.56459
4.62054
-0.0689491
-1.24623
3.3714
7.49948
5.91988
3.53057
7.88716
9.19075
7.3957
3.75754
3.2761
11.8958
8.85266
4.01505
-4.65478
3.86031
-5.3065
9.37519
6.96805
3.14666
15.5917
-0.0202136
5.20943
4.37241
6.48594
-1.16999
-0.278142
2.79994
2.56071
10.0833
-4.01548
0.336394
4.82484
3.98484
5.86748
4.98331
7.99746
7.44878
6.03903
3.39305
-2.73453
5.2256
-4.93987
9.58308
12.7396
2.28827
-0.530676
1.85872
8.40309
4.2546
-2.88599
-2.96167
-2.56267
13.3637
4.10299
12.1669
6.65247
7.38541
1.95683
4.64628
10.4894
3.37791
7.08183
13.9986
2.60922
-3.56127
3.44569
4.05929
7.57509
-1.57361
-3.58718
9.12652
7.33192
5.70029
9.06475
4.81159
-5.59843
-1.64476
0.106154
5.44358
4.97151
4.89896
3.79962
11.5971
3.57699
-1.74519
0.422152
1.81776
7.41574
7.37353
3.63693
6.28673
3.9497
-1.43904
13.98
11.1383
3.09129
7.96737
3.71947
4.12501
4.67348
3.90599
1.09863
-0.392413
1.36775
-2.1329
-0.726893
1.87236
7.19369
4.72155
9.80448
6.59922
0.921832
2.48161
12.6813
4.71617
9.55488
4.48307
9.94187
14.4669
-0.186714
9.29899
5.69276
0.234594
10.4881
-0.795744
7.09881
9.17795
2.67649
5.06143
4.15411
5.27133
7.21063
7.4222
4.93186
-5.90033
1.67958
3.04701
5.19934
5.65062
2.4591
6.35741
8.23769
5.35563
8.68582
-5.9933
7.22791
-2.64451
6.91453
2.31731
1.97377
7.97533
3.85238
7.99768
-0.30005
-6.04054
0.681812
0.563524
10.217
8.81235
3.82822
6.3691
2.84417
-4.50428
3.58666
-5.24414
-1.79784
3.13852
9.73426
3.29915
9.49521
-1.12751
8.3305
7.39426
2.04676
4.73084
-7.16172
0.692656
11.1018
6.76521
3.37672
11.4162
8.39792
6.0548
-5.07102
2.70344
3.5333
15.5172
5.53746
2.64686
12.0942
8.12806
10.7965
2.01181
6.78213
-2.31247
-5.27393
7.76446
10.0472
1.22258
5.59177
9.85444
2.46197
-5.30105
11.1497
-7.45295
0.857839
2.8839
-0.700736
8.65025
5.19767
-1.6528
-0.986081
1.79573
7.34298
4.95946
1.41897
11.385
-5.81909
0.961631
-0.51961
0.396958
3.59647
6.585
-0.926395
10.9703
-0.900373
-4.62499
-12.2348
-0.370939
-3.07912
2.0212
5.26749
-1.08072
8.27155
4.02195
-0.873909
0.837672
2.15331
0.481428
-4.32455
-3.4914
2.39931
6.1806
6.21535
5.6472
-0.6794
8.1821
7.75241
-2.79723
14.8881
2.27044
-1.64986
2.40991
2.94532
2.24159
8.0923
3.84195
-2.13151
9.96311
5.42008
-0.426048
11.0955
11.831
3.36997
9.67599
7.10577
6.35079
8.284
5.58357
8.23283
14.6192
4.94195
8.14034
-1.8506
8.90564
-1.58886
-1.66684
4.09846
-0.619908
10.8896
8.42265
-2.4773
9.90664
-3.68818
8.70678
3.24377
2.32402
6.4403
8.71932
8.64262
9.65326
-0.0025591
7.87927
11.0779
2.40258
-3.20923
3.52841
2.85717
14.2896
2.98098
5.86119
9.9044
12.4987
10.9991
3.90778
6.53436
0.005699
7.97915
8.77251
3.87529
7.59436
0.162716
-0.709959
-4.15172
1.82067
-4.24632
-6.16635
1.50225
-1.09587
-4.40008
12.8889
4.80057
-1.57347
7.30225
2.36175
3.90255
5.1905
8.68342
3.42087
-2.6371
-8.54289
5.35743
1.68354
0.861459
0.908722
12.1332
8.54342
7.76541
-3.54762
4.76825
12.471
14.5304
3.0559
6.03341
1.59221
-1.45155
0.865473
8.25483
7.62836
-1.18341
6.13098
6.19159
4.71985
13.0836
8.10253
6.24096
13.2567
6.97631
3.56123
5.5948
-8.32659
7.84563
4.82896
3.86956
-2.13467
2.88612
3.9212
5.75092
5.12752
3.46338
9.10768
6.12921
0.959737
-1.44369
13.0837
7.11947
8.25644
-8.06084
10.3851
9.42842
-4.86273
2.48284
5.29797
2.79119
4.39991
5.51062
-7.81702
6.71831
3.94114
13.6074
-3.44616
10.7932
3.32552
-1.6003
2.22967
3.87527
-2.60541
-0.394936
9.50324
6.72021
7.94071
4.72323
9.86569
3.98613
10.5767
0.982645
-1.19927
9.19549
7.44183
8.60051
7.69042
14.1038
2.6681
-0.824666
-1.148
0.966535
-3.70587
1.29157
3.14699
6.77086
5.96181
1.25667
3.17723
-3.03244
4.29033
11.181
0.0160038
14.6448
-0.46758
3.9924
8.05493
-1.63217
5.38416
-6.97304
5.44911
1.84854
15.2246
0.322691
-1.94815
-0.455558
-5.43479
6.95456
4.26562
5.13739
-1.91329
1.79032
3.24631
3.32919
10.1025
1.88969
3.92358
12.8672
8.2858
3.21293
4.34818
3.10277
10.2988
5.37582
1.72076
0.152504
6.46044
5.26032
9.02814
11.286
4.78732
5.73803
-1.98499
5.17371
2.81692
7.22146
14.7122
3.19297
-9.19166
9.08453
10.7614
8.39261
9.33137
-9.61781
-2.34262
9.74728
7.88566
7.38252
-3.51771
7.02469
2.99594
8.69835
12.3608
4.4282
-0.444199
-5.49265
-1.38397
-0.591632
1.44703
-0.514921
-8.35456
-0.0959422
-2.16732
5.04405
3.51812
3.48564
4.23391
6.16255
1.92523
11.0005
5.38396
4.44231
2.88867
4.51911
3.00583
5.93008
2.82521
-0.919828
14.2458
12.4211
9.40645
7.32396
1.53893
1.86111
12.1428
2.18426
11.5608
0.237879
0.00106105
2.66241
6.6422
0.564143
8.22916
-5.90064
3.6113
2.99124
-4.36296
7.2109
7.65783
4.98564
2.62302
13.8345
6.18096
4.32315
-1.72985
5.29139
10.6034
5.93174
6.78123
4.94937
10.9273
-6.24275
2.10716
2.39787
-1.88335
9.30246
12.8846
11.5879
1.39279
3.01643
3.24554
3.04847
5.77107
-1.09102
7.46422
11.2098
-4.51011
-0.644437
2.10391
6.27589
14.8713
10.0202
0.712959
-1.81436
4.38072
4.66818
6.81489
1.87741
0.930492
-4.46535
-2.17508
-0.599481
6.4325
-4.70631
7.43663
6.19315
7.66686
5.38884
14.6515
10.0482
-6.22605
10.6909
5.20356
5.19144
0.665151
6.44131
-6.26496
8.26055
6.91846
3.57746
5.85547
13.7577
6.39218
4.48543
3.51031
15.1247
1.64496
4.16132
-1.02451
3.50209
4.33219
6.93461
8.22761
7.52088
2.30342
5.12684
0.155629
0.883464
2.15235
-0.73379
-2.98732
7.44367
-6.34528
-3.93011
-6.73745
4.91031
3.78563
-2.74165
-3.75264
6.09188
11.9709
5.01283
1.30349
5.41014
10.4262
0.883946
0.734573
3.81378
-6.96954
9.47446
3.99318
0.9593
1.2439
7.67023
6.21774
3.72044
6.2349
-5.18002
1.22318
7.58673
0.115704
-2.90524
2.87518
12.172
-7.14489
16.0106
2.24851
1.62875
7.17956
7.74917
7.54714
-1.8054
-1.74031
3.86094
3.6556
8.59353
12.0595
6.32353
3.3126
-0.659258
7.92242
7.3498
2.88934
-2.12913
-5.13703
1.41703
4.98379
8.05244
6.02648
5.8441
6.36698
10.2549
6.33564
1.53813
-0.986621
6.62889
9.20482
5.5063
-2.30359
0.935709
-4.35321
3.99261
8.31288
-0.750971
12.5264
8.51469
11.4159
6.72043
-0.419847
5.01512
3.57482
3.23625
11.0324
-0.782412
7.41172
3.14254
9.32483
14.7767
-4.68401
3.79325
7.67156
6.44777
3.01632
-5.70818
5.20695
5.71107
7.38373
-3.5798
6.52352
15.3199
16.8042
-2.57738
2.07291
8.91572
13.6611
4.38462
-5.02623
6.95424
-8.10772
7.29251
-0.270096
2.3786
8.13606
8.64091
11.4762
12.294
-2.77046
8.23098
8.24533
9.57962
2.15982
2.19208
0.916535
7.10939
-6.00112
1.1553
-1.7212
-4.95706
2.58191
5.92437
8.15631
2.85675
-1.4867
0.924668
6.70732
6.99253
-0.286458
11.0812
12.7997
4.52588
0.097671
1.24011
10.891
5.58978
-4.12314
4.19062
7.29809
8.32123
4.47953
9.02036
7.10101
4.68046
5.64761
12.7843
15.3326
-3.09767
8.54851
7.28235
3.37381
4.52315
11.2056
-9.97444
2.33254
5.53861
6.42202
7.49592
13.8695
16.8529
8.06093
4.31895
2.6036
6.94034
-0.254029
3.41184
23.284
7.24776
-6.68124
8.29913
16.4484
3.27775
2.82011
9.52345
-3.5407
3.4066
7.29228
10.3152
12.5631
0.570765
-1.77426
2.9982
2.10323
1.17161
5.93903
6.8095
12.4833
7.18101
8.61233
-5.04496
7.85959
1.45706
3.78275
6.57449
5.89775
-0.151878
0.984851
1.38473
3.2075
-2.82331
6.2422
-0.0421711
6.75862
7.2544
10.4914
8.58969
2.49611
9.89686
6.18968
13.5523
8.61461
8.36907
-3.08679
10.2436
0.319385
6.55356
4.42614
7.65189
-3.00555
-4.3481
2.73625
0.171278
12.1545
11.0446
1.92986
14.4495
1.8863
2.00138
4.41752
6.94551
0.597473
23.0713
4.46566
6.16174
11.7067
3.37137
5.1844
13.7241
-3.80237
4.13985
5.84478
9.26291
6.96475
7.86356
-1.83392
7.08503
5.56099
1.96152
5.49365
