-0.464436
0.207863
0.139448
0.165381
-1.51038
-0.840484
-1.41534
0.270043
-0.196341
-1.54959
0.130416
0.660592
-1.56292
1.5671
0.00922296
0.611087
-0.281442
-0.938022
1.17035
0.205961
0.13855
1.04856
-0.951831
0.5698
2.18953
0.972001
-0.945116
-0.280291
2.32508
1.15336
1.66398
0.267788
-1.57611
0.0867191
-0.573567
1.09012
1.16788
-0.069586
-0.117882
-0.573754
0.436183
0.931912
-0.295421
1.34288
-0.564133
-0.253561
0.5761
1.13689
0.533719
0.737055
0.258066
0.279618
1.43098
-0.857553
-0.188878
-0.244492
0.190692
-0.298642
-0.936418
1.56691
1.4975
0.0750834
0.16068
-0.645888
-0.514205
0.175145
0.037181
-0.221609
0.544646
-0.0633753
2.16563
-2.4058
0.117695
-0.07467
0.897568
0.0555215
1.44148
1.00804
0.649811
0.524333
0.0344426
1.33241
0.0010172
0.340574
0.0625954
0.473183
2.92726
0.433022
-1.47861
0.179885
-1.35489
-0.99823
0.701806
0.0488489
1.54048
0.751632
-0.52678
-0.0418374
0.538049
0.252562
-0.00840795
0.448297
-0.900001
0.911829
0.429588
0.0121463
0.126459
-0.343296
0.17475
-1.53249
-1.01021
1.14008
-1.52981
0.614906
-1.02603
-0.322385
0.846967
1.29088
-1.19012
0.0614787
-0.880594
-0.407862
0.339295
0.942859
-0.444921
-0.577741
0.581686
-0.695918
-0.373758
0.229771
-0.162594
-0.0413657
0.956936
1.17386
0.721873
-1.35011
-0.875471
-0.216485
-0.169545
0.551434
0.177496
-0.300998
-1.68314
0.253348
-0.231846
-0.810804
0.20687
0.295639
0.1572
-0.649472
1.28536
0.304895
-1.04882
-0.283562
-0.538811
0.719348
-0.301034
-0.747432
0.512299
-1.00443
-0.0970745
0.326761
0.854021
-1.27057
1.36261
-0.316006
0.246355
-0.601479
-0.74184
-0.0548925
1.74544
-1.27374
-0.337483
1.24934
1.19354
-0.0997936
0.0653423
0.660129
-0.351915
0.301126
-0.966112
-0.480537
-0.770137
-0.512805
-0.0918489
0.305247
1.33316
0.104972
1.17677
-0.0985771
-2.32909
-0.0435093
-1.74022
0.447247
-1.59058
-0.855663
0.440676
2.29979
0.23791
-0.802273
-1.74631
-1.02795
-0.658008
1.17784
0.588299
-0.982005
-0.807071
0.815745
1.87557
0.192859
0.186243
-0.155951
1.03253
0.575744
0.889371
0.286923
0.49628
0.27901
-1.37117
-0.963058
-0.135221
-1.45717
-1.38908
-1.28806
0.632765
1.07996
-1.0255
-0.125339
-0.969751
0.951939
0.316437
-0.321119
0.934351
0.621711
-0.613598
-0.929361
-0.280226
-0.292454
1.8969
-0.927302
-1.34419
-0.769213
3.68261
-0.110617
0.573074
-1.002
0.650048
-0.356167
0.192957
-1.92347
-0.277007
0.162572
-0.374673
-0.507031
0.707935
1.52592
0.995661
-1.12344
0.107908
-0.53221
0.915769
-0.164044
-0.439602
0.0532398
0.196863
-1.29763
0.612572
0.446222
-0.267879
-1.01647
-0.621257
0.663692
1.02307
-0.837741
-0.602684
-2.08524
1.10649
-0.479299
-0.90563
-1.68105
-1.39225
-0.581677
0.403618
-0.981204
1.21544
2.12687
-0.773698
0.328271
0.85073
-0.758202
0.755695
0.295225
0.0480933
-1.44309
-1.72477
-0.313558
0.485102
-1.7764
0.0709669
-0.0209462
0.718158
-1.21346
-1.01387
0.353329
-0.774074
0.796509
-1.38608
0.414851
0.442856
-0.780969
-0.727897
-2.20977
0.0504257
-1.56388
2.71677
0.128243
0.446292
-1.773
0.333084
0.923856
-0.512049
-0.333077
-0.00792979
-0.174375
0.238162
-0.384819
0.722083
-0.369022
0.551909
0.43308
0.287229
0.329008
1.39421
-0.741839
0.339281
0.891964
-1.36493
-0.343849
1.42882
0.38884
-2.35691
0.0120987
1.43631
-2.55449
-0.946049
-0.395148
-0.29349
1.39377
0.23794
-0.352935
-0.172487
-0.223033
0.243338
0.968223
1.17791
1.10178
0.961106
0.45523
2.13745
-0.0528568
0.504343
-1.02455
0.570067
-0.985782
0.123673
-1.09232
1.10709
-0.216334
-1.76082
-0.473991
-0.539227
-0.150998
-0.416814
0.0972258
-0.670416
1.60973
-0.456242
-0.745428
0.651398
-0.0637634
-2.27752
-0.370177
0.484888
-0.0247574
-0.929564
2.47217
-3.23977
-0.409695
-0.629083
1.08726
-1.80977
0.384548
0.0735549
-0.632838
2.11535
0.268526
0.0527968
0.708776
-0.0913181
0.679179
0.501538
0.266687
0.108976
0.537346
-0.12938
1.72859
0.60719
0.10962
-0.521463
-1.14673
-0.412259
0.691778
-1.61199
-1.07329
1.51989
0.253781
-0.88328
1.42789
0.523026
-2.54384
0.324941
0.674108
-1.40235
-1.90717
-1.97598
0.414884
-0.278339
0.290408
2.25107
0.50081
0.298977
-1.13377
-0.292847
-0.924463
-0.552825
0.0717146
-0.483466
1.13551
-0.495593
0.698044
0.278649
-0.542787
-0.816611
-1.03342
0.876653
-0.606828
1.22872
0.305032
-0.0549799
-0.922945
1.20128
0.389557
-0.153286
-0.420002
0.864324
-1.73368
0.651048
-0.544582
-0.663293
0.056345
-0.611971
0.231975
0.705643
-0.760299
0.110471
1.40533
0.236215
-1.17883
-0.921994
0.752064
1.01845
0.792127
-0.00273001
-0.906979
-0.188437
0.919911
-0.414332
-0.22968
-1.22503
0.252103
-1.48519
1.08847
-0.753465
0.425496
0.369139
0.626801
2.77556
0.563686
-0.356627
1.79268
0.0442632
1.33955
1.77275
-0.552808
0.582684
-0.114215
0.468007
0.335331
-0.396995
-1.42481
-0.79718
-0.789705
1.10748
0.582272
-0.803125
-0.974396
-1.01659
-1.03134
1.38905
0.786534
0.505927
-0.242957
-1.17179
0.775928
0.194669
0.877374
1.03976
0.988729
1.42749
0.617388
-1.20686
-1.22838
0.753281
0.246533
2.63472
0.373892
-2.21761
0.347825
-0.508402
-2.21677
-1.2946
0.513583
0.317401
-0.310799
2.23309
-0.911586
1.29797
0.332122
0.323381
1.59772
0.32531
0.615477
1.16199
-0.421542
-0.0712262
0.740953
-0.475942
-0.114174
-0.49489
-0.209507
-0.864741
3.08412
1.267
-0.195406
-0.169344
-0.237506
1.38843
0.650052
2.24881
-1.19692
1.74049
0.604558
-1.53407
0.910755
1.31486
0.804649
-1.06763
0.46759
1.32531
0.714446
-1.06558
-0.288864
-1.06086
-0.82995
-0.406518
-1.66994
-0.341094
0.903034
-0.765622
-0.783443
0.30713
-0.753643
0.393405
1.66081
-1.72811
-1.3213
0.486561
1.80561
-0.753182
0.0224047
-1.66982
0.258809
-1.47449
-0.768574
-2.12398
0.254102
-0.0964839
-0.305518
-1.22274
-1.32473
-0.512556
-0.136346
0.932843
-0.515175
-0.505051
-0.0608618
-0.528409
0.840308
-0.141573
1.01088
-0.687617
-0.356338
0.448647
0.0919722
1.01428
-0.62254
0.28686
1.01073
0.634807
-0.277524
0.580817
2.00298
-0.596699
-0.771982
0.0831572
-0.118972
-0.940822
1.63225
0.440756
-1.10546
0.335632
-0.431522
0.370572
-0.280381
0.33307
2.51321
1.50497
1.58575
-0.923875
-0.702644
-1.48922
-1.36539
-2.20003
0.596864
1.48767
0.568414
1.63315
0.96177
1.39951
0.722944
0.193705
-1.81033
-0.565819
-0.958598
-0.183904
1.41884
-0.44632
0.369348
-0.498115
0.524158
1.28871
-1.46667
2.25887
0.763243
-1.20636
-0.937046
-0.0870274
0.405167
-0.895105
-1.34284
-0.516393
-0.781571
-0.732088
-1.30893
0.536827
0.154196
3.05732
0.762571
-0.0716159
1.83494
-0.18634
-0.0948449
0.0060464
0.253795
0.781336
-0.712651
-1.35668
1.48639
-0.373908
0.099112
-0.895079
-0.142305
-0.260809
-0.875263
-0.0263612
-0.764808
0.907237
-1.25293
2.34979
0.186008
-2.49485
-1.34614
-2.38363
1.01542
-0.0156353
-0.658361
-0.249681
0.314789
-1.30443
-1.09455
1.53168
-0.57778
-0.749625
0.183134
-0.769671
-0.976153
1.6684
0.0764042
-1.42849
0.453203
0.438994
-0.925536
-1.0184
1.12204
2.33574
-0.557808
-0.231703
-0.173019
-0.115974
-1.1318
1.49868
-0.521982
2.42464
-0.934706
-0.770894
-0.595458
0.252315
0.640448
-0.338013
1.07015
-1.42553
-0.940998
0.00140974
2.43098
-1.5106
-0.629558
-0.813786
0.0156081
0.860188
1.44117
-0.0188142
0.294112
-0.0248112
-0.25058
-0.398067
1.03563
-0.249604
0.424237
-0.595081
-0.310588
-0.0803855
-2.23392
-0.40733
-1.04051
-0.773659
-1.15222
1.63136
0.192226
1.59782
0.159483
-1.64096
0.680165
1.76854
-0.409661
-0.956446
-0.318417
-0.179868
-0.0641904
-0.00805286
-0.682918
-0.573975
1.89311
0.578292
0.682928
0.341238
0.902288
-0.786348
1.09076
1.16375
0.660038
0.0825412
-2.03825
2.23345
1.71129
-0.706458
0.771472
0.304737
-2.5237
-0.0840518
-1.465
1.26289
0.877502
-0.606558
0.217916
-0.738008
0.288466
0.670464
0.106971
0.489626
1.36826
1.75353
1.25278
0.241407
-0.551561
1.2965
1.20236
0.0181174
-0.153598
0.937586
1.72605
1.04838
-1.4316
0.826535
-0.929159
0.52771
1.00357
-0.129089
0.800715
0.316704
-0.283248
-0.35595
0.41166
1.05883
1.18871
-0.0499785
-0.00663915
0.980956
0.414462
-0.886821
1.3744
1.35344
0.126841
0.513516
-0.208158
-2.76294
0.436424
1.68184
-0.959576
-0.000882897
1.42847
-0.210731
0.490794
1.07281
-2.59514
-0.993063
-1.19959
-1.54557
0.528855
-0.858658
-1.16753
2.5161
0.836353
0.316952
0.847563
0.588138
0.327423
1.01422
-0.844426
1.79
-0.233472
-0.540938
-0.192681
-1.11131
-0.232144
0.220258
1.44285
0.13474
0.858624
-0.0463449
-0.109074
-0.456253
0.985919
-0.195929
0.496254
0.491116
-0.528277
0.594236
-1.3305
-1.73268
1.02205
-0.124345
-0.494811
0.538329
-1.85619
0.244363
-1.28469
0.0588146
-0.254325
-0.419472
-0.436774
-0.055765
0.148678
-1.88484
-0.27883
1.31302
-1.32578
-0.998463
0.434479
0.815708
-1.04296
-0.269668
-0.089558
0.506158
0.923524
-0.778073
-0.774819
0.0474628
2.09176
-1.36358
-1.48129
-0.172726
2.80674
0.925134
1.14353
-0.262198
-1.34248
-1.16944
0.353063
-0.622398
-0.758787
2.68127
0.555874
0.767099
3.0955
-0.595134
0.934789
-2.14052
-0.0413991
1.18652
1.09538
-0.715981
0.492889
-2.02688
-0.152472
-0.0799488
0.751044
0.681053
-0.556925
0.040777
-0.577117
2.16987
0.922527
0.51601
1.28427
-1.61039
1.99674
0.893167
0.897714
0.847584
0.825146
-0.0714461
-0.521432
-0.771048
-0.297316
-1.14294
-0.702656
1.35449
0.949827
1.77207
-0.327642
0.934687
-0.73294
-0.369338
0.372832
-0.699354
-0.794852
1.6229
0.97416
0.309254
1.54495
0.935598
1.19554
1.75463
-0.00579163
1.50194
-0.00888816
0.198218
0.72748
0.124247
-0.145465
0.297015
1.73559
-1.61057
0.504911
0.725735
0.02348
-1.57433
0.028828
0.403539
-0.518712
0.933027
1.249
0.71739
0.460759
1.73797
0.216925
0.542096
-0.25228
-1.55876
1.3313
0.649878
1.1608
-0.712687
2.07405
-0.904082
-0.519862
0.409738
0.75582
-0.179087
1.95853
-0.261269
-0.63473
-1.0717
-0.0299919
2.00504
0.316493
-0.000540462
-0.461237
-0.082319
-0.435166
-1.3746
1.16908
1.01339
-1.60611
-0.536838
0.997851
-2.16848
-1.07405
-0.0806181
1.14039
1.26568
-0.401231
-0.797647
0.38978
1.1212
-0.712709
-0.0687161
0.632113
0.782228
-0.241781
1.23968
-0.926437
0.41976
-0.444628
0.568192
-0.951044
-1.90542
0.921838
0.871433
-0.978701
2.32011
-1.61956
0.500841
-1.53591
0.190155
0.446104
0.403621
-1.08315
-0.399747
0.32437
-0.885737
-0.172145
-1.85911
-0.124204
0.600739
0.249955
0.80377
1.54502
-0.861696
-1.31511
0.579953
0.264342
0.867983
0.608775
-0.947432
1.04102
-0.369414
-0.15169
-1.33741
1.06086
-0.219984
-0.355334
2.15745
0.243078
1.16858
0.40468
1.89326
-0.0820297
-1.34323
-0.291044
-0.145358
-0.373607
-0.0470936
-0.0888884
0.166016
-0.367159
-1.05394
-1.1252
0.832254
1.24354
-0.104533
0.543303
0.500405
0.766878
1.19697
-0.384354
-0.661643
0.514118
-0.207511
-0.138807
-0.0782796
-0.133304
-0.6698
1.05011
-1.7642
0.412112
0.0282119
1.88133
-0.908145
0.593289
-0.581119
-0.409391
0.397415
0.993505
-1.04667
-1.57382
-0.0212674
-2.59786
0.709375
0.286896
0.260965
0.347022
0.285533
-0.635102
-0.99785
0.623965
-0.378112
-0.459204
1.54077
0.576346
0.826292
0.178564
-1.78786
-0.410002
-0.998758
0.36799
-0.432858
-0.39439
0.857549
1.03534
1.22923
-0.0435882
-1.3872
-1.5915
-0.654002
1.02579
0.896866
-0.231123
1.19809
1.0699
0.683525
-1.93815
0.969634
-1.8179
-3.65089
-1.14422
-1.22077
0.0140948
0.087697
-1.17734
1.07736
1.16331
-0.389143
0.587212
1.18787
1.98157
0.247853
0.502532
-0.61121
-0.149279
1.1077
-0.84468
-1.00464
-1.62811
-0.896196
-0.227239
-0.842476
-0.670407
-0.25783
0.350246
-1.36551
-0.449324
0.530208
1.17546
0.288926
-0.859923
1.30279
1.7711
-1.23043
-0.913906
-0.907515
-0.844288
0.768297
-2.49946
-1.57929
-0.710144
2.11503
0.0754104
-0.440678
-0.538292
1.01396
2.46826
0.121481
-0.136615
-0.410254
-0.0649876
0.157908
-0.833705
-1.65453
-0.550469
-0.235142
2.46723
1.12477
-0.121073
-1.32923
0.715562
-0.401654
-0.561774
-0.01816
-0.730564
-0.942372
-0.476248
-0.28755
2.13721
1.65667
1.17574
-1.44569
0.711701
1.22779
-0.0780304
-0.0504357
0.793989
-1.28505
-0.519
-0.649112
-0.141057
0.068563
0.0796758
0.717798
0.0727672
-0.389335
-0.0885928
0.186797
-1.96932
0.238703
-1.71897
0.134086
-0.630675
1.41497
-0.889018
-1.35043
-0.494402
0.261851
-1.25175
-0.0526965
0.238892
0.766964
-0.588654
0.158896
1.34743
-0.436135
0.472716
0.905601
-0.792691
0.0965744
-0.0956761
-0.294429
-0.713389
1.14912
-0.330611
1.74959
2.0227
1.58907
0.910108
0.415255
-0.482813
1.07125
0.305143
-0.0534012
0.796861
-1.07169
-0.287779
0.94772
-0.669173
-0.682796
0.331776
1.2019
-0.339142
-1.4362
-1.17037
-0.877499
-2.64748
0.288763
-0.897382
0.346587
-0.960543
-0.815363
0.1546
-1.24105
0.593547
-1.79993
-1.8642
0.998198
-0.211905
-0.775267
1.70314
0.503998
-0.566004
-0.0313122
0.5406
-0.126289
0.541822
-0.597382
0.0353734
-1.62048
1.00553
-0.674813
0.522604
-0.804724
-0.599475
1.8586
0.493382
0.206886
1.19755
1.36532
0.368444
-1.54494
1.87782
0.0262372
1.21583
0.146754
1.35041
0.433323
1.56317
1.35693
-0.840831
0.431265
1.23358
-1.32615
-0.781044
-1.19725
-0.640134
-1.44118
0.598187
0.698616
-0.568641
-0.217133
-0.125416
1.60742
-1.51571
0.114183
0.489509
0.743594
0.15343
-0.78043
0.438705
-1.28794
-0.366506
-0.0534085
-0.502645
-1.24977
-2.36776
0.247935
0.878782
0.402911
1.02295
-0.614678
-2.01838
1.18669
1.09652
-0.762261
0.821522
1.15114
0.965544
-1.08184
0.915589
-2.07898
1.58341
1.48033
0.0187069
-0.337395
-0.534796
-0.344421
-1.40352
-1.20528
0.841246
2.30707
0.388961
-1.13679
-1.39886
0.20282
1.36305
-0.872546
-2.36233
1.00118
-0.57931
0.812312
-1.59716
-0.96356
0.599561
0.417638
1.63282
-0.322338
1.68464
-1.00617
-1.02148
1.40412
-0.568737
-0.888799
0.28848
0.841291
0.580243
1.71856
0.0994697
-0.981379
-0.281913
1.1223
-1.71125
-1.20987
0.366401
0.226216
0.13596
1.59058
0.00726557
0.605829
0.21934
-0.0528658
-1.9653
-0.245741
0.579386
2.18599
-1.07305
-0.0194572
1.01588
-1.18069
0.162024
-0.267785
1.68607
1.23983
-0.306542
-0.534864
-0.729693
0.913273
0.73116
-0.449055
-0.757499
1.16504
-0.752985
-0.216886
-0.0421558
-0.3422
0.113273
0.632138
0.760588
-2.14687
-0.588557
-1.83012
-0.28457
1.49557
0.54351
0.553207
-0.511215
0.381021
-0.0167175
-2.33616
1.22467
0.0524567
0.172528
-1.86233
-0.0289084
-0.173248
0.601545
-0.139555
-0.306129
-1.02048
1.41464
0.105242
0.419906
-1.00436
-0.833575
2.37185
0.944869
-1.42497
-0.476684
-0.234412
0.783267
-0.408426
1.12736
0.130674
-1.12042
-0.444867
1.39187
1.04652
0.531402
-1.01469
-0.921744
-0.0816616
-0.652582
-0.752455
-2.1893
-0.959926
0.0699981
-0.230304
0.672412
1.19795
-0.822087
-0.732728
0.722031
-0.981116
2.13022
-0.0103421
-0.921311
0.0187899
-1.26065
0.947802
-1.40531
0.00687761
-0.0190209
0.0553569
-0.653791
1.22556
0.00882692
1.20376
0.60922
0.9141
-2.28678
-0.792051
-1.80668
0.787189
0.0923281
-1.68944
0.530773
-0.792385
-0.575397
0.0179336
1.50753
-1.80473
-0.582932
-0.670473
0.228118
-0.796001
0.0637735
0.617957
0.358206
0.0372493
1.98521
0.606984
0.208176
-0.829272
-0.645382
0.521451
0.938953
-0.665324
-0.290374
2.26577
-1.0187
-0.297183
0.542098
-0.367053
0.638176
0.267076
0.0462089
0.332229
-0.303064
0.0377806
-0.895741
-0.295074
-1.6587
0.0985855
0.582603
-0.224258
-0.815974
-0.948866
-0.0617093
-0.584996
0.466673
-0.539199
0.163743
0.781009
0.692934
0.306983
-1.3477
-0.736987
-2.97492
0.59234
-0.0874289
0.055746
0.0589225
-0.403856
0.966416
0.141118
1.80451
0.397327
-2.34169
0.0970554
-0.970491
1.03105
2.54097
0.889707
0.964773
0.262331
1.49458
0.645873
0.494641
-0.178606
1.68201
0.961321
-2.43929
1.86394
0.324996
-0.500521
-1.08847
-1.01394
0.171174
0.882696
-1.48124
-1.22012
-0.581662
0.169
-0.152557
0.671097
1.30614
-0.325168
1.29227
-0.713211
-2.15346
-0.3966
-0.565121
-1.37076
-0.328049
1.26798
-0.55778
-0.871473
-1.14888
0.267472
-0.118086
1.96366
1.62254
-0.521227
2.44297
2.57556
1.12255
-0.561618
-0.479934
0.52918
0.821854
-1.97105
0.0394766
0.19093
1.28253
0.827991
-1.90032
-0.18142
-1.26543
-2.16312
0.783666
0.869157
2.23784
-1.22212
0.366053
0.6317
0.0799986
0.434802
-0.16304
-0.516645
0.505087
-0.0884575
-1.56326
-0.408714
0.651407
-0.713211
-0.960977
-0.372191
-0.131602
-0.621318
-1.17969
0.0598649
-0.174267
-0.0769258
-0.0646901
-1.1393
1.7731
-1.4573
-1.19387
-1.81184
-0.48928
1.71532
0.166924
-0.444571
0.947639
0.00602728
0.341105
0.205726
-2.1707
1.09494
0.559019
0.900274
0.562891
-0.576377
-0.984292
0.425365
0.279066
2.03859
-1.78287
-0.810172
0.485169
1.24738
-0.432442
-0.139618
-1.73916
0.621114
-1.29377
0.275659
-0.420114
0.597146
-0.230531
0.213983
1.29873
-0.663066
-1.18607
0.368081
1.32065
1.56007
0.679627
0.819328
-0.718819
0.079276
-0.331584
0.224277
-0.189058
0.144948
0.672473
0.370787
-0.265464
-0.715388
-0.108623
-0.0243693
-0.783696
-1.96477
-0.106614
1.3099
0.667431
0.344994
-0.0191884
0.0909931
1.87767
0.669117
-0.461068
1.4168
0.395272
1.60461
-0.656921
1.15008
-1.5765
0.245836
1.90785
0.0392771
-1.05072
1.82363
1.24259
-0.2894
-0.857582
1.13826
-1.73054
0.116878
1.36352
-0.227805
-0.772443
0.530756
-0.312703
0.610933
-1.0874
-0.344407
-1.58077
-0.509313
0.11513
-1.86773
-0.868669
-0.740877
-0.291145
-0.529621
1.09106
1.4943
0.788622
-2.3354
0.0135346
0.788404
1.43129
-0.710111
-1.06379
1.96349
-0.433905
0.400313
0.392933
0.981498
-0.706171
-0.760879
0.817417
0.757231
-0.0890026
-0.88086
-0.905699
0.175566
-0.691586
1.29313
-0.391209
-0.0442067
-0.627914
-1.04785
-1.34304
-0.360622
-0.470957
-0.348961
1.5787
0.318776
0.874545
0.578097
-0.416006
0.277814
0.245017
-0.683829
-0.526726
-0.521157
1.89798
-2.13551
0.8749
-0.231526
-1.25789
-1.06862
1.26551
0.765082
-0.275343
-1.4906
0.699352
-1.47394
1.69316
0.1716
0.29561
-0.400415
-0.653881
1.38949
-0.324226
-1.35898
0.828084
2.37454
0.171683
1.12424
0.784859
1.68596
-1.67331
-1.13621
-1.20896
1.24714
-1.05018
0.632588
2.53863
-0.569855
-1.61299
0.552603
0.936535
-0.0126698
0.879952
2.13677
-0.408429
-0.0143261
-0.787402
0.364548
0.316429
0.864693
0.705171
0.51969
1.31056
-0.101678
0.755291
1.8458
0.554391
-1.47037
-1.4031
0.158038
-0.705197
-0.707939
-0.343391
0.126869
0.264449
0.0530466
0.576665
1.68341
1.43198
1.2013
-0.0256004
0.0237798
0.764471
-1.79691
-1.00606
0.444958
-0.0646809
0.482591
0.876805
0.772186
-0.581594
-0.628924
-0.688229
0.184193
-0.798667
-0.92396
-0.401559
-0.733369
-0.758251
0.330656
-0.176426
1.42561
0.390158
-0.687514
-0.277938
0.00785345
0.425476
-1.20596
1.57151
-0.24217
0.539358
-1.83494
-1.1111
0.583283
-0.424683
0.279872
-1.89763
0.786618
-1.47957
0.0527491
0.555444
-0.00865721
-0.417193
0.927095
-1.07521
0.46918
1.52581
-1.03944
-0.786402
0.00767422
-0.713184
1.40624
-0.0363776
-1.96431
-1.58782
0.576666
0.152718
-0.554536
1.79231
-0.854718
-1.3446
-0.67563
0.871669
1.72807
0.149041
-1.53015
-0.411372
-0.390375
0.0708301
-0.496149
1.53222
0.796814
0.0885564
1.54223
1.31484
-0.654478
0.915427
1.54989
-1.7188
-1.45522
-0.359733
-7.39371e-05
0.0638139
-0.797599
-0.659401
0.156755
-0.47567
-0.76723
1.03526
0.496545
0.515665
0.010832
-0.11992
-0.516793
0.326271
-0.203336
0.862007
1.36625
-0.196248
-0.608278
-0.622163
1.74138
2.22783
-1.16882
0.131416
-0.35501
0.458876
0.0811555
0.471159
1.00645
1.22757
1.19601
-1.59339
0.0942118
-0.156144
-0.96408
-0.564211
-0.922062
1.05651
-2.60034
-0.566808
-1.99336
1.38983
0.83441
-1.33546
-0.482798
1.2189
-0.546001
-0.989548
0.446402
0.515228
-0.36262
0.482597
-1.89898
1.4088
0.297112
1.08218
0.506527
-0.974773
-0.625272
-0.95576
-2.525
-1.29987
1.37796
1.90471
-0.691439
0.623321
1.9831
-0.168442
-0.434998
-0.806942
1.8942
-1.40897
-0.688586
-1.63725
-0.0908845
0.488786
0.55846
1.2089
-0.231287
-0.924514
1.64002
0.274391
1.02215
-0.693143
0.577233
-2.05518
-0.493602
-1.73454
-0.301004
-1.244
0.0671328
-1.02599
0.611183
0.318514
-1.04181
-0.976398
-0.76953
0.377949
0.626275
1.17119
-0.206513
0.162132
0.114575
-0.0652296
-1.37146
-0.0850785
1.98669
1.78653
-0.131629
-0.726377
-0.0219774
0.715494
0.661621
0.19308
1.7538
1.67971
0.717112
-0.668812
0.541013
0.552492
-0.282275
-0.689296
-0.123353
-0.617157
-0.818877
-1.69785
-0.474028
-0.102185
1.77137
0.09983
-0.349465
0.428078
0.970528
-0.381301
-1.3688
-0.799564
-0.909284
1.48079
1.27972
0.120364
0.901516
1.15237
-0.583305
-1.4332
-0.560699
0.587146
0.952296
0.915811
0.459929
1.46907
-0.629218
0.655717
2.8678
-0.253331
-2.18987
-0.788255
-1.26463
-1.30849
-1.19088
2.81916
-0.0852845
-0.445008
-0.895989
-1.13362
-1.28554
1.20681
0.0660799
0.445233
0.67501
-0.895526
-1.26074
0.584258
0.261751
0.934399
-1.69316
0.0119822
-0.187479
-0.895957
1.56283
-0.236007
-1.13036
-0.967932
-0.430938
1.49285
-1.39314
-1.35795
2.26018
1.2907
0.47135
1.72156
1.02541
-1.50837
0.447987
2.17392
0.652747
0.0662693
0.946003
0.600241
1.62979
-1.46644
-0.98124
-0.203975
-0.954736
-0.196686
0.198058
-0.50994
-0.158474
-0.170026
-0.164661
-0.591521
0.78726
0.440368
0.0588433
-0.0478229
1.57428
0.0586394
-0.919776
1.26375
0.179914
-0.28113
-0.47845
-0.0586312
0.855372
1.01742
0.720356
0.167717
1.18115
-0.717209
-1.85362
-0.447231
-0.336619
1.13774
-0.434981
1.63129
-0.568996
-1.41077
0.221649
-0.0200521
-1.50182
-0.330086
-0.748256
1.18369
1.31765
-1.31486
0.901106
-0.141065
1.04078
-0.126852
-1.31835
1.74511
-0.21606
0.79423
-1.0683
0.00539961
0.0168946
-0.619514
0.877692
0.86296
2.16619
-0.4974
0.248194
-0.247461
-1.81099
-0.752833
0.207333
0.854557
-0.182106
-0.29474
0.482118
0.986204
2.29793
-0.235346
-0.485038
0.787324
0.785634
-0.466865
-1.24109
-1.8758
3.31292
0.311521
-0.429388
0.57366
-2.09215
0.00438639
0.558528
-0.866722
1.41462
2.43879
-0.114914
0.267427
-0.543547
0.156271
2.01558
0.646629
-0.360561
-0.773888
0.081275
0.628113
-1.25111
0.257632
-0.246344
0.459991
0.243664
-0.646944
-0.139492
0.142722
-1.24192
-0.107395
-0.785686
0.223539
-1.47203
-0.0862233
-0.658234
1.2837
-0.283252
0.380952
0.749979
-0.127132
-2.04829
0.791057
-0.327595
-0.344652
-0.275822
0.89511
0.913
-1.03691
0.563657
0.158381
-0.25755
1.92213
1.29347
-0.713415
-0.647699
-0.167873
-0.671169
0.59772
-0.593595
-1.28172
1.3579
-1.32148
-0.091694
-0.767568
0.790262
-0.515298
1.47382
-0.884267
0.0826259
-0.574441
-0.839942
-1.31081
1.9871
0.045758
-1.4929
-1.22649
-1.56898
-0.150297
1.69365
0.08474
0.251263
-0.0281662
0.166186
-0.444153
-2.67852
-1.19309
-1.99822
2.1873
-0.273284
-0.500788
0.812513
0.387858
-0.18733
-1.39716
-0.141559
-1.33743
-0.26576
0.681662
-0.977028
-0.885771
0.235913
1.7568
0.366955
-2.27873
1.01164
0.518616
0.44672
-1.25776
-0.710437
-0.243575
-0.392119
0.329659
-0.520729
-0.401711
-1.98835
1.92107
-0.779402
-0.164067
1.05479
1.82744
-0.0614916
0.904962
-1.47214
1.36091
0.0694959
0.167781
-1.02461
-0.723945
-1.80936
-0.221498
-1.2502
-1.51856
-0.101162
0.0345066
0.253285
-0.0216763
-1.09356
1.09568
-1.05565
0.343155
-1.11177
0.671574
-0.528067
1.00105
0.761394
0.979817
-1.77314
0.532642
-0.285927
1.38519
-0.355003
-1.09481
-0.33948
1.69095
0.297778
-1.01083
0.306107
-1.52408
1.36438
-0.575091
0.105925
0.796481
1.28964
0.36822
0.188132
-0.931879
-0.415884
1.83403
-0.291306
2.14472
1.0098
1.39352
-0.328987
0.432609
1.075
0.00263758
0.637188
1.16594
0.930449
0.634331
-0.571157
0.24977
-1.41209
-0.406988
0.696704
0.0939775
1.68723
1.54376
0.701658
1.72376
-0.122187
-0.338491
-0.726715
0.0633423
0.483793
0.537324
0.519962
0.146999
-1.05933
-0.38768
-0.846851
-0.720473
1.20769
0.27222
0.356578
-0.362778
0.665919
0.152323
0.148789
0.933957
-1.08025
-0.239749
-0.0184173
0.266935
-0.283667
-0.33718
0.517555
0.380422
-2.41341
0.106837
-0.978624
1.17835
0.101423
-0.982866
1.99146
-1.84411
0.056842
-0.659299
0.178573
0.255584
0.479348
-0.0694742
1.49007
-1.03971
1.03138
2.00081
-0.915916
-0.379466
1.40782
-0.322779
1.20919
0.745077
-0.941385
-0.814075
0.816385
-0.174194
-1.8294
-1.13074
0.0783887
0.35231
0.710574
-1.71588
1.12681
0.344774
-2.08779
-0.633719
1.10317
1.46245
-0.758472
0.646588
0.494232
0.618486
0.696864
-0.0503523
0.454779
-1.25235
-1.95187
-0.289916
-0.58897
-0.812903
-0.865862
-0.224512
0.259286
0.801924
-0.485013
-2.27596
-0.969592
-0.357026
-0.776738
1.09559
0.580794
1.23082
-0.391604
0.948021
0.170977
0.401302
-0.585737
-0.475409
-0.67915
-0.866019
-0.197286
-1.71936
-0.503329
0.0603598
-1.54839
1.66395
-0.402312
0.104864
-2.52714
0.608243
-0.744422
-1.82002
2.60076
0.118921
-0.419303
-1.24977
-0.549977
-1.6521
1.80908
-0.17761
1.16816
-0.661375
-0.0458808
0.493507
-0.23129
-0.53488
0.645809
0.748528
0.306499
-0.902049
1.12383
0.164997
0.827737
0.367366
-0.205665
-0.290131
-0.695223
-0.279471
-0.800157
-1.27067
0.333509
-1.77119
-1.12916
1.39021
1.24746
0.928651
-1.924
0.548426
0.774976
-0.6445
0.156272
-0.0379485
-1.4623
0.529883
0.632413
0.471498
-0.81835
-1.41609
-0.0136641
-1.07889
0.794598
0.521046
-1.05168
0.507208
0.277288
-0.0448748
0.0522251
0.92395
0.593456
-2.04624
-2.13406
-1.36793
-0.905903
0.0387672
-1.26312
0.622876
1.28182
0.204372
-1.30874
-0.474686
0.534345
-0.0460098
-0.69012
0.184748
1.5359
-0.133026
0.797327
0.72541
-0.820619
1.93944
1.21034
-2.12579
0.555546
-0.161844
1.08163
-0.133321
-0.269385
-2.11696
0.768242
0.781017
-1.49607
-0.127163
1.48406
0.629844
0.29986
-0.482506
0.910097
-2.2756
-0.172037
-0.752863
-0.651657
-0.00185804
2.4049
0.00394515
-0.438109
0.768733
0.376784
0.17257
-0.22557
-2.19606
1.78174
0.290252
0.317005
0.98888
1.1187
1.19884
0.165586
-0.889659
2.10328
1.31038
0.592522
-0.269195
-0.99641
0.73742
0.921782
0.574181
-0.563758
-0.287887
0.306216
-0.395248
1.04118
0.923053
-1.76156
0.528773
1.2635
1.79374
1.39939
0.139977
0.309028
0.680232
0.135369
-0.0447969
1.05804
0.0639942
0.400805
-0.155062
0.0800403
-0.778296
-1.39532
-0.525761
1.04597
-0.701767
1.7554
0.4983
0.817369
0.539494
0.679935
-0.658183
0.592075
0.271869
-0.144763
-2.20142
0.803126
0.379999
0.553025
-0.537074
0.0665949
-0.839164
1.51783
-0.614328
1.81057
0.908398
0.113786
-0.76556
-1.20533
0.0960657
-0.835948
0.0884824
0.866096
-0.174119
-0.19491
0.197837
0.156619
0.543378
0.0903032
0.991569
0.427342
0.0511029
-0.872488
-1.36298
0.125266
0.205173
-1.58749
0.987012
-1.24443
-1.28886
-0.62201
-0.0650242
0.802423
1.2624
0.295235
0.139526
0.613821
0.974435
0.799303
-0.0902462
0.809315
1.01259
0.985169
0.520292
-0.279616
1.06048
0.642029
0.890647
-1.185
-0.030633
0.317774
-1.44515
-0.464384
-1.39905
-0.502809
0.172055
-0.268965
-0.0521149
0.695711
-1.50016
-0.836571
1.37474
-0.676538
0.57797
-1.55925
-0.943673
-1.22341
0.0448847
-0.508026
-0.653337
0.0516076
-0.170103
1.19501
-0.00747149
1.30566
-0.658374
0.636838
-1.18233
1.09448
-0.73286
0.742583
1.35324
0.348358
-1.26877
1.02057
-1.60911
0.679526
1.00351
1.6311
0.429065
1.43641
0.951474
1.78728
-0.854663
-0.21679
-1.15259
-0.518445
0.724194
1.03808
1.01712
0.0932403
-0.590865
-0.301198
0.534855
-0.0318532
1.53807
0.841579
-2.31594
-0.254617
-0.106962
2.04878
-1.30517
0.982132
0.851769
0.958709
0.201603
-0.0891357
0.509883
-0.115487
-0.0448332
-0.0368902
-0.185594
-1.48162
0.514523
-1.04663
-0.936098
0.725653
0.173794
-2.4904
0.0407723
0.542265
-0.420031
-0.00743385
0.396445
-0.264713
0.424206
-0.456454
1.92537
1.24955
-0.431902
-1.01111
0.378698
0.336551
-0.976862
0.692346
1.01743
2.53794
-0.0516864
-1.16189
0.672965
-0.0299738
1.81781
0.272166
0.131905
-0.297998
-1.84715
1.98904
-0.863406
0.499592
0.54359
-1.61546
1.7049
1.14513
-1.35243
0.365322
0.00858836
0.182278
0.538218
0.29315
1.03445
0.0788803
0.812066
0.421235
-1.50156
2.08058
0.869555
0.179634
0.680856
-0.901722
1.25559
1.31497
-1.09944
-0.166832
0.789917
-0.214974
0.631023
-0.422475
0.0125762
0.178823
-0.728075
-1.15101
0.362815
-0.371908
0.483393
1.7438
-0.745632
2.04288
0.530584
1.7108
-0.737476
-0.750934
0.243318
-0.521587
-0.635666
0.128689
0.593465
-0.765458
0.11862
-2.03261
-0.454376
-0.884026
-0.616067
-0.739124
-1.21659
0.202306
-1.69492
-0.462675
-0.611689
1.95983
0.0827841
0.594524
0.419553
-0.383399
-0.34843
-0.50141
-0.678674
-0.879372
1.92309
-1.55929
0.338559
-0.566871
-1.51092
0.219066
-0.755684
0.0743951
1.58194
2.50131
0.00316
-0.370272
0.910415
0.0788199
-0.758912
-0.385726
0.322804
1.24706
0.77972
0.143826
0.609427
1.05925
-1.20012
-1.13563
0.150982
-1.35985
0.946309
1.95275
2.27309
-1.60255
0.651574
-0.85412
-0.82595
-0.444351
0.726757
-1.19493
-0.0656012
0.459993
-0.070771
-1.05168
0.746639
0.138163
2.33357
1.58825
-1.87253
0.7669
0.805211
1.51668
-0.727503
1.38057
-0.694641
0.211101
-1.42198
0.183683
-2.0037
0.564054
-1.22576
-2.63268
-0.0665789
-0.282237
0.301496
0.821845
1.16722
-1.52706
-1.10138
-0.145284
-0.158822
1.74025
1.39029
-1.72893
0.22973
1.46398
-1.08406
0.459338
0.761036
-0.689439
1.11276
-0.60591
-0.219267
-0.72855
1.18526
0.119347
-0.0119631
-0.0309797
-0.643094
-0.29588
1.20688
-0.975869
0.836631
1.09372
0.234212
-0.132995
1.63821
0.964057
-0.553676
-0.254993
0.4112
-0.189712
-0.106039
-0.281425
-0.293692
0.0687596
-0.783388
0.391429
-0.883555
0.0776999
-1.2947
-1.07114
1.45148
0.537863
1.32354
0.677315
-1.92748
1.489
0.19839
-0.348823
0.834743
-0.379139
0.470446
-0.965873
-1.94057
-0.952949
0.51644
0.288367
-0.898141
-0.164985
-1.58585
-1.30519
-3.04749
0.266559
-0.648434
-1.25886
-1.25214
-0.953782
-1.86045
-0.136387
-0.0150148
0.528102
-1.30869
-2.60692
0.482635
0.156724
-0.356513
-0.983507
0.426473
0.529803
0.258658
-0.761685
0.01857
-0.12186
-1.16397
-0.316208
-0.0907467
-0.264087
0.216146
-0.029534
-0.714375
-0.0349045
-0.160666
0.817025
-0.741782
2.49136
-0.352338
-0.914568
-1.20057
0.0363837
-1.56423
2.10699
0.169462
-1.39885
1.17129
-1.24635
0.24023
0.0312988
-0.59945
-0.431083
-1.25
-0.92846
1.48415
0.431815
1.07198
-0.200508
-1.05796
0.55637
0.370396
0.118954
1.51889
0.59871
0.887907
0.321341
-0.354387
1.91683
-0.289661
-0.193899
0.651728
1.85906
-0.408883
-0.0452214
-1.26692
1.36675
0.726575
1.59459
0.311837
0.107666
-0.0605899
0.451927
2.22226
1.90697
0.475076
1.4212
-0.730151
-1.93383
2.72242
0.0138789
0.658667
-0.958005
-1.77954
1.37656
-0.488416
2.21371
2.04192
0.995216
0.0470479
-1.65962
-2.36783
-0.262557
-0.195278
1.66418
0.973436
0.482164
-1.90693
-0.283909
1.87804
0.308663
-1.46551
-0.429365
0.904227
-0.387452
-0.0559254
0.487
-0.0602054
0.0326799
0.379833
-1.74968
-1.87932
-0.097321
-0.0866891
1.05451
1.46346
-0.626233
-1.27489
-0.204685
-0.71119
-3.23186
0.1364
-0.662243
-2.82493
0.851896
0.501054
-0.20785
0.771814
0.0340128
-1.16752
-0.87425
1.20003
0.495059
0.907394
1.05715
-1.56662
-0.731507
-0.41643
-0.0852675
-0.497171
-1.65742
-1.14621
-1.922
0.385051
-0.0945042
0.728377
0.187153
0.252413
-0.249196
-2.84593
-0.286868
-0.0839952
0.328053
-1.00252
-0.986683
-0.347281
0.549404
1.58258
0.910722
-0.0536018
0.769226
-0.443736
2.05947
1.40652
-0.508715
-1.09646
-0.500112
-0.502069
-0.123869
0.661359
-0.538349
-0.948188
0.698645
-0.29406
-2.50729
-0.711814
-0.262548
-0.888476
0.560618
-1.1384
0.630352
0.152097
-0.830133
-0.449561
0.146757
-0.673824
-0.275953
-2.04708
-1.52167
0.00620457
-1.37837
-0.709182
-0.131928
2.17015
-1.63767
-0.794577
-1.49217
-0.924597
1.75555
1.06275
1.21518
0.727502
1.14036
-0.959375
-1.13673
-0.684332
-0.180837
1.40019
-0.384902
0.218867
-0.532614
0.946462
0.333673
0.676093
0.433715
-0.610059
0.88466
0.828934
0.392674
-0.803871
1.43228
0.216634
0.778283
0.962853
0.995164
-0.183074
1.41313
0.189018
1.93282
-0.140726
-0.423688
-0.963957
0.751322
-1.2999
-0.538968
0.153514
0.784978
0.371673
-1.73201
-0.992741
0.171757
-0.583448
0.449421
-0.631127
0.896507
0.807282
-0.196157
-1.30765
-0.45796
1.97125
1.57222
0.546633
-0.394863
0.976898
0.109886
0.23066
-0.256785
-0.0817717
-0.962743
-0.689821
0.601156
-0.770728
1.42714
-1.97101
0.238758
1.04093
-0.192859
0.327437
-1.53038
0.0359115
-0.811034
0.960298
-0.0520507
-0.291269
0.527641
-1.82987
-0.122521
1.14659
-0.223581
-0.830183
1.13042
-0.161297
-0.61945
0.481723
2.23073
-0.144779
0.359805
-0.354716
-0.975144
0.789228
-0.224881
-0.693987
0.293764
0.201705
-1.11424
-0.55305
-1.38224
0.778739
1.19905
1.03936
-1.84712
-0.397658
-0.260349
-0.262593
-0.806566
1.0773
1.36581
0.0469154
-0.779076
0.120752
0.101506
0.100683
-0.355779
-0.926945
-0.292431
1.13971
-1.30715
-0.737593
-2.00976
-2.27341
-1.73949
-0.927838
-0.904293
0.972146
-0.0757953
-0.0158435
-1.70542
-0.110557
-1.62775
0.802437
0.403934
-0.0620564
-0.976013
-0.066639
2.29461
-0.128141
0.835006
0.336757
1.23565
0.155725
1.27431
-0.528617
0.776737
-0.57276
-1.74215
-0.0637238
-0.287218
-0.61713
-0.563213
1.84347
-0.489379
1.08546
1.84619
-0.710024
-1.13874
-1.14461
-0.709152
0.307155
-0.185837
-1.34464
-0.485268
0.841025
0.488377
0.846998
-0.650322
0.689173
0.70376
0.255475
-0.409764
1.60429
0.29495
0.878712
-1.56946
-0.447518
1.33977
-0.462136
-0.593069
0.871534
-0.523001
-0.589448
-2.59481
-0.352908
-0.995878
0.265165
0.105303
0.091734
-0.653847
0.134327
2.2109
0.942287
2.18042
0.839423
0.960591
0.558911
-1.04199
-1.1537
0.494702
0.474464
0.551907
-0.266211
-0.796449
0.0673299
-1.0824
-0.41266
0.74324
-0.991362
2.39808
-1.1571
0.0480277
-0.768231
0.775873
-0.389457
1.357
-0.382856
0.122354
-0.755856
0.48769
0.560511
0.42399
-0.891469
-0.0712645
0.315419
-0.837143
-1.13556
0.72422
-0.235921
1.05098
0.143392
-2.03675
1.11545
0.41
-0.988127
-1.50636
1.04717
0.0727619
-0.324355
-0.80104
1.08946
0.322351
-0.910546
-0.340423
0.470557
-0.213234
-1.43093
0.796596
0.849601
0.111853
-0.183507
0.511599
0.374169
0.0291595
-1.6715
-1.71694
1.04691
0.878587
0.666247
-0.00192169
0.754812
-0.198495
-0.459133
1.25845
-1.07394
1.52204
-0.779773
1.44068
-0.00506044
-0.586632
0.882207
0.372064
0.463135
-0.278508
1.58975
-1.11613
-1.74015
1.06732
-0.599628
-0.140694
0.328888
-0.81337
-0.0743413
0.601197
-0.136205
-1.07691
0.696982
-0.298751
1.5364
-1.01619
1.46735
-1.45416
0.70564
-1.83088
0.894545
-0.635686
1.34519
-1.69052
0.358814
1.15965
-0.308388
0.864695
-0.178555
1.36195
0.47783
-1.00243
-0.277814
-0.582452
0.778126
-2.0492
0.440944
0.231114
0.0810613
0.796497
1.9648
-0.602665
-0.464307
-1.18777
-0.430323
0.914761
-0.063569
-0.995689
-0.227423
-0.178212
1.52261
-0.0354371
0.706086
-0.146743
1.80402
-0.33302
-0.346049
-0.413547
-0.41306
-1.56967
0.889226
-1.33002
2.0407
0.401857
1.24182
-1.03414
-0.490279
-0.272918
-0.310042
-0.484497
1.66145
0.0214008
0.945323
0.345444
1.52276
0.0855449
0.802381
0.147538
-0.290534
0.544386
-0.135715
-0.707568
-0.53945
-1.30458
-0.4554
1.75749
1.27469
0.854895
0.38144
2.01933
-3.15211
-0.247609
0.86522
-1.12973
0.142845
-0.134987
-0.194052
-0.320951
-0.0963764
-0.0348543
-0.816004
-0.447355
0.331435
-0.94366
-1.51248
-0.0803675
2.06756
-0.12608
-1.74589
2.46009
-0.559657
0.505279
0.365626
0.147685
0.520807
0.214776
-0.45868
-1.34655
0.24094
1.01267
1.53716
0.0218625
2.05181
-0.034552
0.710935
-0.570668
-1.12429
-0.988992
1.41943
1.84207
-0.614658
0.720193
1.49676
-0.540117
-0.0110739
0.713328
-0.66671
-0.306356
0.126284
-0.0780557
0.730982
-0.802652
0.700211
2.95703
0.695453
-1.43031
0.0578275
1.48987
0.358949
0.389662
0.545286
-0.102913
-0.454455
-2.67665
1.03842
-0.291983
-1.42914
0.891616
-0.321465
-0.355668
0.739557
-0.240053
-0.123325
-1.41041
1.89939
0.485316
-0.699171
1.84451
0.560124
-0.00147489
0.679469
-0.198454
0.232809
1.49874
1.12683
0.7779
-0.184609
-1.38303
-0.0252751
1.78405
-0.608101
0.316912
0.809833
-0.427684
0.22049
-0.458756
-1.23861
0.897252
0.427117
-0.320421
0.288085
0.357706
-0.660891
-1.53286
-0.860048
0.684855
-0.732383
-2.5846
0.61295
0.061953
-2.11509
-2.17089
0.00218423
0.10877
-0.66144
-2.53491
-0.456925
1.5632
-0.232299
-0.658991
0.210254
-0.352565
-0.889938
-0.0528049
1.43644
-2.548
0.970577
-0.316323
-0.499845
-1.79581
0.173475
-0.139397
-0.16054
-0.996676
0.374912
0.234668
-0.829829
1.03181
-0.245361
0.680851
0.240944
0.785581
-1.38155
0.359861
-0.364209
0.61872
-0.123959
-0.828747
-0.130727
1.04806
0.962265
-0.307253
0.947961
0.901848
0.234312
-1.67178
1.88161
-0.557116
0.816176
-1.07492
0.0732009
0.526942
-0.124979
0.817337
-0.717933
0.870505
-0.449288
-0.761224
-0.893011
-0.303997
0.405746
0.148796
-0.783513
0.904659
0.872535
-0.962803
0.937629
0.208091
-0.990526
2.18431
-0.0134526
-0.0340033
1.38225
-0.778311
-0.287299
-0.586434
-2.0555
-0.192391
0.0460288
-0.618299
-1.05715
-0.183452
0.133789
0.553821
0.503049
0.0789786
0.814764
-0.93113
0.176968
1.29259
2.02171
0.604123
0.637766
-0.506697
-0.560362
-1.7669
2.3413
-1.60965
1.49693
0.882827
-0.218523
-0.233328
1.0419
-1.52717
-0.562342
0.925774
0.751517
1.97435
1.5238
-0.782319
-0.878122
-0.247366
-1.05418
0.828904
0.284854
-0.310775
1.27212
1.18244
-0.368822
0.252671
0.379675
-0.439041
1.00841
-1.39275
-0.0280139
-2.34398
-0.667464
0.916007
-0.677304
-0.441981
-1.08692
-0.512328
1.13021
-1.25031
0.13252
-1.1423
0.773132
0.423256
0.690913
-1.32924
-0.328107
2.20382
-0.297201
-0.529184
-0.660267
0.608835
-1.47985
-0.407875
0.828984
1.94087
-0.351391
-1.13986
1.09758
1.03217
-0.908199
0.483727
0.0189853
-0.371232
-0.674326
1.85651
0.850499
-0.0921428
-0.68995
2.38178
0.345708
-1.6141
-1.11643
1.08612
-0.678095
-0.0192178
-0.761235
-0.335857
-1.16526
-0.334801
1.96668
-0.824695
-0.566229
-0.150833
0.360527
0.954492
-0.279276
-1.21039
-0.158759
-1.37845
-0.49754
-1.17699
0.180427
-0.37923
0.913789
-0.115254
-0.523211
-0.203618
-0.422162
0.22153
-0.493534
-0.164782
-0.436758
-0.381225
1.87206
-0.888346
-1.29486
-0.264467
0.914373
-0.117377
0.385975
-1.58925
1.5722
0.718613
-0.0108531
1.74825
1.04126
-0.372068
1.35005
-0.289815
1.063
-0.638412
-0.309221
0.08483
0.530015
-0.149186
0.884841
0.50288
0.0764157
-1.73938
-0.398284
1.05767
0.305355
-0.247787
0.275481
1.96894
1.1032
1.05733
-0.952553
1.53488
0.622254
1.20951
-0.165828
0.690545
0.936209
0.611985
1.12402
0.0435796
0.849262
-1.19535
-1.29284
-1.1812
1.06969
0.967938
-0.861215
1.68059
-0.76527
0.795177
0.277494
-0.159504
-1.01713
-1.15975
1.6022
1.30946
0.166705
0.641338
1.12653
0.863376
0.770628
-1.14415
-0.388028
0.386134
0.0163155
1.31785
-0.271769
1.22259
-0.858537
0.74066
0.773745
-0.411224
-2.01446
-0.954321
-0.454508
-0.763449
-0.549062
-0.505715
-0.484089
1.24733
0.521179
-0.238957
-0.197178
0.735519
0.0860464
-0.0242081
-0.25545
-0.659687
-0.992257
-0.348946
-0.96345
0.408899
1.23708
0.535361
0.712298
1.49277
0.510147
0.774235
1.30868
0.292065
-1.75683
-1.12873
0.908705
-0.142433
1.00692
0.490053
-0.867464
-1.48992
-0.615542
0.624314
1.07316
0.226135
-1.02931
-2.17319
0.339911
0.481277
0.820897
-1.13214
-1.21263
0.111878
-0.0392468
-0.101626
0.713631
1.20268
0.593411
-0.131076
0.0124913
0.822877
-0.246905
-0.972166
-0.553533
0.700312
0.0216676
0.393439
-1.14502
-0.97374
-2.15289
-1.87681
-0.84356
-1.41059
-0.683405
-0.538375
-1.10885
-0.592795
0.380166
-0.416642
0.594865
1.22606
0.294783
0.567157
-1.55732
-0.473902
-0.134486
-0.485774
0.965645
-1.30342
1.14541
1.94799
-0.0861505
-1.19484
0.0684351
-1.75008
-0.643723
-0.232098
-0.720243
0.155758
0.451512
-0.236705
0.816391
-0.514544
-2.39574
-1.33776
-1.20657
0.87082
1.75809
0.569839
-0.359875
-0.805809
0.335188
0.524022
0.336563
-0.552588
0.607142
-1.6162
-0.844838
-0.184873
-0.239037
-1.27086
1.74567
-0.642956
0.212313
1.01048
0.565696
0.838255
-1.39694
0.492459
-0.725742
0.208577
-1.20478
1.31044
-0.183114
0.217832
1.28029
-1.67132
-0.136799
0.541135
-0.0337046
0.183816
-0.901808
0.166627
-0.608275
0.451242
1.48438
-0.553511
1.2209
-0.451113
-0.833307
1.922
-0.59932
-1.126
0.0128812
0.237012
-1.00866
1.82263
2.30528
0.323762
-0.910765
2.25729
-0.628955
1.05033
-0.157067
-1.03669
-0.722465
-0.655023
0.497645
-0.186034
-0.986893
-0.283494
0.758467
0.275681
-0.0370557
-0.176948
0.797007
0.0623867
0.752638
-0.914829
-1.31803
0.558553
1.90233
0.695299
-1.7534
0.631844
-0.803811
-0.621564
-0.744011
-1.48965
0.284431
-1.71789
-1.72351
0.780387
0.413127
1.71474
1.29336
-1.72823
-2.05139
1.45919
0.0788207
-1.21868
1.70133
-0.972236
-0.290355
2.14757
0.916954
-0.427575
0.876607
-0.0530248
0.305036
1.08638
-0.487502
0.468215
0.100484
0.338494
0.696615
0.420047
-1.76547
-1.15267
-0.483566
-0.551666
0.650047
-1.43025
-0.427234
-0.849829
0.72881
0.238649
-0.265583
1.53335
2.00903
-1.41275
-2.32901
0.273148
2.04456
0.716564
-0.315942
-0.0445402
-0.796909
1.00564
0.100134
-0.774282
-1.30344
-0.0552967
-0.73905
-0.521241
-1.06657
-1.23068
0.0304952
0.525129
-0.674955
-1.00336
-0.301699
1.01081
0.428439
-1.77959
-0.62969
-2.87735
-2.35915
-0.611373
1.45937
0.0132775
-0.605235
-1.40976
0.734394
0.0903176
-0.249163
-0.993758
1.75199
-0.26437
-0.67257
-0.72769
-0.642295
-1.50859
0.0459345
0.0281843
-0.210388
-0.408479
0.0281881
-0.287753
-1.133
0.753459
0.2369
-0.509873
-0.177668
-1.42716
-0.222343
-0.505274
-0.723884
-0.658607
-0.849803
0.72546
-0.0980752
1.21782
-0.426554
-0.0383027
3.12059
-0.478041
1.56431
-0.56581
-0.517321
0.29622
-1.70275
0.0949786
0.826709
0.349885
0.344398
1.07061
-0.207346
-0.366121
0.440255
0.342375
-0.00233498
-1.1688
1.54365
-1.70866
-0.734928
0.36267
-0.195476
0.484986
1.21744
-0.740404
-1.42154
1.33254
1.46237
-1.04704
-1.57892
-1.07577
0.838754
1.99448
-1.28186
0.274447
0.151015
0.986742
0.334962
1.75288
-1.77638
-0.351476
-1.83589
-1.8744
-0.329584
-0.0175099
-1.95283
0.858607
-0.8175
-0.700719
0.0150021
-1.49154
1.04553
0.98805
-0.517671
-0.137559
1.01957
-0.969814
-0.0249958
0.215867
1.0801
-0.438395
0.889412
1.07154
0.231026
0.443257
-0.335266
0.670778
-0.247085
-0.0858233
-0.86674
-0.150757
-0.460496
-0.844006
-0.858305
0.260562
-1.05182
1.36971
0.466632
0.370966
-0.955089
-1.55368
2.70171
-0.869171
-0.275918
-0.721171
-0.0834358
0.600854
-0.0579107
-0.574198
0.323366
-2.11949
-1.33675
1.17865
-1.19603
-1.41867
-0.698488
-0.0665167
-0.485849
0.319891
-0.179579
-1.76222
-0.490855
1.15691
0.3736
1.29287
-0.834851
0.955815
0.152414
-0.749416
0.109475
0.832659
-0.86651
0.565102
0.321498
-0.47744
0.534826
2.3689
-0.805459
-0.404637
-1.46147
0.8723
0.312702
1.84724
0.700564
-1.46015
0.990918
1.06237
0.0819463
-0.820917
1.22524
-0.000830891
1.22827
0.61113
-0.0464506
-0.944815
0.269005
-0.903794
-1.03693
-0.865974
-0.158663
-0.0965057
0.0346048
1.35671
-1.14559
0.945395
0.487396
-0.489687
-1.5519
-0.631922
0.972894
-0.0447246
-1.65476
-0.490389
-1.31159
0.302367
-0.190101
-0.863225
-0.164994
-0.795889
1.67357
0.0967901
-1.57373
-0.141675
0.687893
-0.718605
-2.39346
-0.267569
-2.5862
0.306098
0.213698
1.97617
-0.504503
-0.972688
-0.196245
3.26212
-0.692089
-0.292388
-0.121474
-0.292984
-1.51246
-0.114309
-1.65614
0.639529
-2.03694
1.56815
-1.23514
0.219384
-0.780836
-0.922668
-0.414792
-0.183578
-0.791842
-0.281516
0.611318
2.0981
1.15334
-1.32398
0.869851
0.200347
1.28283
-0.0678227
-0.303037
0.773107
1.62833
0.552896
-1.27692
1.12959
-0.28385
-0.460914
-0.388443
-0.0836439
0.677008
-1.43732
2.8725
-1.64892
3.21959
-1.46358
0.126238
1.14391
-0.0643307
1.63702
-0.859392
-1.43158
0.208574
1.02545
1.12523
-0.153993
1.14784
0.735636
1.79864
0.432283
-0.0681779
-0.30419
0.97717
0.1489
0.295137
1.38596
-1.53327
0.501287
1.32278
1.12702
0.196966
1.78447
1.25023
-3.01811
-0.49842
0.510472
-0.633163
-0.391736
0.0442303
0.0720629
0.0312955
-0.245328
-0.693297
0.786325
0.175875
-1.60444
0.115222
-0.394533
-0.766327
0.623958
-0.593039
0.54573
-0.48225
-0.0700074
-0.546434
-0.979708
0.332324
-1.37533
-1.39637
0.188326
0.882162
0.680127
-2.44292
0.737274
-0.264921
-1.73193
0.56572
-0.27643
-0.865382
0.234703
3.04852
0.63307
0.00204062
-0.0455992
-1.44906
-2.38036
0.50657
-0.188767
0.507236
-1.06021
-1.12901
-0.0729338
-0.833178
2.66475
0.238912
2.80492
0.355604
0.371947
-1.1359
-0.0517795
0.148411
1.13334
1.08826
1.25559
1.38895
-1.24757
-1.21498
0.575904
1.63146
0.378894
0.529639
0.0295916
0.617845
0.0932288
1.09154
0.00220145
0.639661
-1.38116
0.712604
0.587456
0.920234
0.785244
-1.28353
-2.48062
1.34487
0.014286
-0.406405
-1.41441
0.809151
-0.041454
0.424963
0.0773289
-1.71384
0.903005
1.20917
0.732446
0.559562
-0.0920794
1.06242
0.646476
0.00945838
0.958269
-0.092401
0.936753
-1.04283
0.34899
0.964594
0.155605
1.77092
-1.05029
-0.232875
-0.303646
0.673314
1.07729
0.154005
2.05043
-0.533231
-0.0282107
-0.159487
-0.288466
-0.272422
0.239553
0.320516
0.0233985
-1.24992
1.77564
-1.40684
-0.100913
0.409714
-0.398643
1.04304
-1.08022
-0.394529
0.957806
0.508516
0.532553
0.493429
-0.261704
1.62777
-1.79535
-0.522415
-0.868176
-0.434829
1.52269
1.94941
-0.311789
1.62022
-1.2303
-1.14548
1.66151
0.0880582
-1.30396
0.497732
2.2679
0.34504
-0.976013
1.08488
0.24503
1.21771
-1.53203
0.285307
1.76616
-2.25778
-1.3171
-1.26431
0.427829
-0.941454
0.0507046
-0.790777
0.50699
0.300759
-0.030671
0.566368
0.240051
0.00525904
0.598956
0.742368
0.0482056
-0.663673
-1.53613
-0.0203283
-1.49644
-0.577844
0.802002
1.82278
0.410324
0.594777
-1.31344
-1.77775
0.555392
-1.30251
0.409059
0.545468
0.473734
1.7531
0.882463
-0.625886
0.711746
0.034812
-1.62498
1.52519
1.48717
-1.8682
-0.132052
-2.25889
-1.3662
0.519799
-1.16949
-0.484844
0.412869
0.0520636
0.939017
1.33645
-1.42676
-1.85054
-2.2896
-0.59513
-0.212135
0.617197
0.0531324
-0.360132
-1.40034
0.282757
-1.96414
-2.20837
-0.655594
1.23091
-0.75974
1.23435
0.53738
0.323305
0.634628
1.0683
-0.772726
-0.0524003
-1.58774
-0.398373
-1.86892
0.63975
-0.307615
-0.220331
0.487748
-0.608155
0.497136
0.95226
-2.27197
-1.57458
-0.912077
0.990484
-2.35091
-0.276689
-2.06809
0.220751
-0.150136
0.605334
0.684639
-0.679147
-1.14798
-0.333428
-1.21883
0.22249
-0.225114
-0.379728
-1.56146
-0.26865
2.27367
0.46473
-1.26483
-0.501695
-0.26618
-2.00174
-0.447873
0.899026
-0.023842
0.578785
0.635479
-1.26051
0.114961
0.345193
-0.336686
-0.000289567
1.31026
-0.0712391
-0.220477
1.60661
0.152819
-0.184182
0.421224
0.245577
1.59277
0.0346743
-0.746884
1.46383
-0.171803
0.296603
-0.812601
0.136037
1.29821
-0.453825
-1.36377
0.367091
-0.723829
-0.485136
-1.21598
-1.4349
-0.37698
0.0704943
-0.777442
0.331596
0.270985
-1.31493
-1.26678
-1.44851
1.39758
-1.74285
1.07757
-0.368673
-1.1061
0.413159
0.0295921
-1.19099
-0.56598
0.898588
1.55475
0.909338
-0.0172546
0.983557
1.89042
-0.94858
0.0636284
-0.396825
-0.652989
-0.457468
-2.40566
1.41582
-0.331578
-1.1301
-1.5077
-0.932016
1.00131
-0.0463421
-0.480308
0.267689
0.889802
1.07951
0.81805
-0.942999
-0.193339
-0.520797
0.486106
-0.123453
0.617629
2.04859
-0.594296
0.635281
-0.330179
0.286894
-0.760208
2.78771
0.477159
1.44822
-1.11334
1.37166
0.432329
0.287813
2.12166
-0.145182
-0.201975
-0.402445
-0.39395
1.52135
-0.3068
0.231712
0.542176
1.81089
0.333093
-0.420259
0.536885
-0.0612499
1.72682
0.522361
1.76064
0.337361
-0.605025
1.24446
-0.281307
-0.364101
0.336144
-0.531557
1.34924
-1.0001
-1.42097
1.66753
0.0346731
-0.831723
0.129895
0.796363
-1.1224
1.97839
-1.44444
1.66272
1.62553
0.518798
-2.55641
0.127533
-0.91863
-0.585532
0.803149
0.819825
0.789322
-0.736831
-1.54795
-1.01654
-0.295661
-0.445653
-1.51892
-1.19742
0.783092
-0.814136
-1.0498
0.580269
-0.590155
-1.59834
-1.04813
0.559259
-0.761962
0.54102
-0.229159
1.07227
1.5639
-1.10073
-0.673945
0.0779025
-0.570084
-1.27691
1.88457
0.974524
-1.51631
-0.204613
1.89963
-0.0312959
-1.0855
-0.263723
0.475727
1.68291
-0.436583
0.652095
1.10309
0.206836
0.350121
0.275584
-2.41696
-0.663117
3.45168
1.62467
2.20757
-0.541124
-1.07475
-0.553152
1.27336
-0.249419
-0.77498
-1.18092
-0.534329
-1.34912
-0.89574
-0.873742
2.23482
2.49366
0.144654
1.69507
2.15561
-0.746272
-1.04452
2.32428
-1.11217
0.892003
-0.809788
1.28567
-1.60899
-0.343451
0.808339
-0.163263
-0.458196
0.273036
-1.16215
-0.55216
-0.937785
1.46829
0.0586916
-0.839384
-0.23123
-0.317142
-0.167817
0.801929
2.02832
0.0683599
0.229908
-0.202272
0.667153
1.17084
-0.738217
1.05829
-0.00999188
-1.41314
0.118655
-0.222878
1.07772
-1.25703
1.13035
-1.05346
-0.872556
0.666139
-0.399806
0.790211
0.199494
-0.0995188
-0.973257
-0.66242
-1.13416
-0.0375718
0.674876
0.12071
-0.5196
-0.924505
1.07356
-1.19252
1.10442
1.24005
1.48572
-0.31649
1.21209
0.322782
-1.17781
0.227388
0.235691
1.11756
1.8757
0.841054
-0.943611
-0.740358
0.471861
0.0413368
0.0526295
1.93227
1.40502
-0.852313
-0.102718
-0.964782
0.155137
0.765881
-0.052444
0.354904
-0.730049
-1.37649
0.96906
1.84949
2.80837
0.411787
-1.90011
-0.650479
0.363968
-1.99443
-0.56111
-0.00987278
0.873244
-2.24722
-0.240524
-0.659413
1.29354
-0.227924
0.831562
0.208204
0.605229
-0.0151854
0.230352
-0.125825
0.104869
-0.671153
-0.0979294
0.764576
0.227215
0.0440178
0.685998
0.502922
1.82204
-0.619379
-1.84838
-0.163147
-0.751961
-1.03848
-0.386673
-0.421958
-1.84594
-0.0580729
-1.48544
0.568054
0.168506
1.30779
0.203686
-0.468255
-1.62818
-0.286511
-2.24299
0.332704
0.576455
-1.34056
1.15219
-0.319011
-1.09463
-0.057372
1.00774
-0.538107
0.246597
0.15145
-0.713722
-0.695224
-0.0626045
2.28776
-0.0362907
0.317367
0.293676
-1.66259
2.74088
-1.97147
-1.0448
-0.801504
0.605778
1.28818
-0.72628
0.0956316
0.43702
1.07536
-1.16615
-0.0646729
-0.624955
0.382435
-0.36643
0.0138142
0.68879
0.723925
-1.37764
0.916506
-0.326076
1.66332
1.01144
-0.551509
0.440441
0.905407
0.305738
2.05538
0.0972348
-1.36153
0.869129
0.75872
-0.578852
0.725888
1.09984
0.205446
-0.531484
0.168019
-1.05318
0.888118
0.663843
-0.603127
1.72874
1.28645
-1.59384
-0.611365
1.01449
0.159633
0.607186
-0.60249
-1.46765
0.636164
0.0632829
-1.30515
0.894435
-0.673724
0.0313567
0.700855
1.21658
0.0444817
-0.692633
-0.0657492
-1.062
0.984217
0.539681
0.628759
1.34558
-1.78882
-1.40421
0.326504
-1.07975
0.0925591
0.953544
0.119506
1.84469
0.0677578
0.877496
1.3157
-0.799752
0.268952
-0.823155
0.628467
-0.488428
-1.01132
1.24727
-1.08749
0.209119
0.365486
0.565276
0.290964
0.273592
-0.659122
0.612354
1.2376
0.704082
0.306138
-1.06921
2.77619
0.101263
-0.665025
1.09138
0.566982
-0.480876
-1.224
1.22515
-0.839023
-0.0974009
0.191048
0.544158
0.433977
0.480139
0.749707
1.24523
-0.536608
-0.22065
-0.0300331
0.601169
-0.0557227
0.102663
0.123748
-0.62245
0.553022
0.633352
0.743531
-1.70751
-2.29648
1.06007
-0.644266
1.64882
-1.50717
-0.519493
-0.42278
1.46646
-0.245408
0.686384
-1.5147
-1.44664
0.98925
0.726213
-0.0367075
-0.634152
-0.811911
-0.816844
-0.796782
-0.474829
1.80813
-0.235028
0.646409
-0.352584
0.948321
0.696263
1.26254
-0.920298
1.39108
-0.683126
0.644563
0.703387
0.800932
0.748425
0.0789235
1.11207
-1.62109
1.3921
-0.506411
0.43732
-0.417423
2.66211
-1.14932
-0.497128
1.14151
0.437691
-0.0590554
-0.787084
-0.0959417
-0.152387
0.999459
0.107186
-1.04532
0.710812
-1.59101
1.5119
0.352012
0.470457
-1.12403
0.0853591
0.79528
-0.653767
-0.572733
1.73304
-0.984895
1.56228
-1.13562
0.351725
-1.90839
-0.279775
2.0262
1.53973
1.79588
-0.110958
-0.773296
0.0906655
1.21735
0.450487
1.45814
0.472644
0.973557
0.115851
0.612851
-0.454629
-0.215916
-0.531717
0.81702
0.294301
-1.88643
-0.0569884
0.292845
-0.0811942
0.389221
0.937656
0.368356
-2.32634
1.80443
-0.718394
-0.431847
-1.03467
1.9107
0.231802
-1.53361
0.120711
0.578416
-0.106727
0.467183
-0.0166264
0.0340153
-0.0996702
1.36971
-1.77213
-0.186132
1.58
-0.613961
-0.830955
0.992207
-1.57798
0.269494
-0.479092
-0.452227
-0.389995
1.06499
-0.945211
-0.795929
-1.81378
-0.6128
-0.322991
0.456273
0.241236
-0.947931
0.614295
-0.165269
1.58197
0.88906
-0.852424
-0.906313
2.01752
-1.32708
-0.806637
-0.501053
1.11097
-0.198076
1.1807
-0.984585
1.82371
-0.0348951
-0.447039
0.716117
1.00628
2.40077
-1.46333
-1.15401
-0.0392068
0.335202
0.433333
-0.744565
-0.353066
-0.238862
-1.26262
-0.337935
1.01675
-1.32998
-0.172439
1.05379
-0.669352
0.166476
-0.988227
0.190323
-1.03494
-0.574233
-1.98221
2.07958
0.283917
-0.956257
-0.742272
0.304914
0.119659
-0.280174
0.23574
-0.447983
-0.131025
-0.285736
2.25561
0.732981
-0.554443
-0.99027
-0.27649
-0.0694305
0.863558
1.3827
1.35119
-1.80115
-1.47976
-0.243426
1.27385
0.355901
-0.613174
0.603938
0.773531
3.09737
-0.965813
0.371087
1.52062
0.345836
3.1905
-0.984757
0.474976
-0.363509
0.0477577
0.758957
-0.969184
0.0893826
-1.21299
0.141622
0.758021
0.362472
-0.121114
1.06931
-0.495259
-0.151498
1.42402
-0.965591
-1.67825
0.264875
-0.401571
0.293846
1.42647
-1.81771
0.661876
-0.431434
1.39883
-0.498781
0.534132
-0.339326
-1.9412
-0.0929495
-0.924916
-0.145509
1.54704
1.12084
-1.04883
1.33007
-0.0722862
1.37352
-0.508293
-1.66429
-0.175127
0.246991
0.0977283
-0.254598
1.56514
-1.27462
0.935378
-0.292242
0.0378443
-0.81717
0.0848516
-0.714868
0.0447773
-0.865691
0.834669
-0.0380865
0.761722
1.00711
-0.430771
0.664507
0.795233
0.592954
0.372918
0.887224
-0.18342
0.936913
1.66427
0.63725
-0.731685
1.07538
-1.48551
0.618898
0.517115
-0.403822
-1.1135
-0.93985
-0.144038
-1.00452
1.30858
0.963667
0.48355
-1.58923
0.868076
-0.404646
1.32476
-0.765616
-0.308786
1.21646
-0.832191
0.314495
2.74463
-1.38469
1.12452
-0.448411
0.0323427
-0.515517
2.18493
-0.117253
-0.16382
-1.47608
-1.21153
1.03227
-2.04792
-0.36763
0.0631702
0.94105
0.874715
-1.25331
-0.154513
-0.169151
-0.810731
-0.0387374
0.321112
-1.59351
-0.705256
-0.610539
0.38307
0.794728
1.39755
0.560559
1.43634
-2.40035
-0.662665
-0.391338
0.601931
0.321431
0.869744
0.672066
0.40258
1.09649
-0.884132
1.04382
0.319642
-0.445065
-0.458269
0.551816
-0.285407
0.750746
-1.78653
0.709451
-0.50677
2.08461
0.455773
-0.762523
-0.388697
-0.157711
-0.021365
1.28024
-0.193957
0.783125
0.116758
2.67801
-0.159697
1.72859
-0.875924
-0.112531
1.34148
0.562469
-0.255112
0.33128
-1.42545
1.85946
-0.523158
1.67869
-0.240456
-0.59462
0.156318
0.954931
-1.20333
-0.0437204
1.78694
-1.35967
2.98049
0.83619
-0.904362
0.27019
1.79938
0.514877
1.29062
0.134737
-0.163465
-0.678809
1.11064
1.15449
-1.13621
-0.280567
0.897722
-1.66825
1.44712
0.393631
0.4851
-0.897909
-2.01816
-0.945869
-1.18
0.252537
-1.10801
0.101631
-0.700655
0.553719
-0.612831
-0.0580188
0.321703
0.286148
0.701221
0.779847
0.332046
-0.764793
-0.102877
0.067544
-0.0624816
1.34283
0.444965
-0.64616
-0.858703
-0.965013
1.97278
0.287276
-0.367541
-0.993972
0.333732
-0.149448
-0.135154
1.36794
0.790727
-0.705129
-0.126525
1.38411
0.184208
-1.26832
0.333618
0.48103
-0.647764
-0.66806
-0.25795
-0.220864
-0.561963
0.113513
0.23983
-2.21129
-1.33614
0.481226
1.12779
2.13753
-1.47315
0.897619
-1.06127
1.45798
-0.0581737
-0.24418
1.31658
-0.243921
1.1155
-1.05411
-1.68048
-0.259735
-0.704075
0.84269
-0.487856
0.587165
-0.675286
-1.43743
-0.981824
0.957924
-1.60596
0.727099
-1.36084
-0.180394
0.219281
-1.03964
0.550091
1.5621
-0.692643
-0.140654
1.52304
0.3561
0.313854
0.930409
0.483727
-0.496132
-1.07692
0.0509076
-0.975716
-0.35217
-0.719082
-1.01386
-0.58929
-1.74943
0.213132
1.69775
1.49321
1.14857
-1.19621
-1.25284
0.610661
-1.29723
0.600699
-1.3051
-1.44862
-0.314287
-0.485151
2.10669
-0.806508
1.1874
-0.925415
0.223565
0.883417
0.0346222
0.914838
-1.01137
-1.63192
-0.67463
1.0274
-1.21264
-1.11883
0.142058
-1.5791
-0.335557
0.327433
0.0696923
0.45669
-1.94924
2.21899
-1.20904
-1.33157
0.914732
0.504736
-0.0923224
0.784282
0.219341
-0.275679
-0.0245191
-0.417196
2.10747
-0.161542
-0.811561
0.304366
-2.20488
-0.319381
-1.60832
0.206237
0.433389
-0.142733
-0.193935
-0.247847
0.0672492
0.115358
0.730384
-0.974655
-2.44518
0.185983
-0.346173
-0.19313
-0.316509
0.965487
-2.23287
-1.05054
0.857437
-2.65446
-0.281335
-0.381176
1.02214
-0.99271
0.153296
2.07895
0.889824
0.841282
-1.16467
2.11651
-0.83672
-0.256616
1.97644
0.443639
1.9639
0.743254
0.608977
-1.18259
3.29173
2.52493
1.15659
0.0245239
0.453043
-0.464035
-0.0736451
0.826905
-0.31539
-1.11009
-1.28318
-1.35419
-0.591936
1.61923
-0.0889154
0.510402
-0.766176
0.507849
0.228449
0.168256
-1.07738
1.29562
-2.47275
-2.69548
-0.737359
0.312813
0.115338
0.306452
-0.0450418
-0.205605
-0.53196
0.352667
-0.219574
-2.15784
0.228223
1.13584
-2.04691
0.18323
0.491742
-0.772446
-1.121
-0.44615
0.358904
-1.01098
-0.0796506
-1.11447
0.401846
-1.00514
-1.04332
0.0121152
-0.457715
-1.44536
-0.346309
-0.715949
0.864479
0.832846
0.888048
-0.741761
1.9641
0.2819
-0.0777176
0.653865
2.27983
0.465456
-0.155901
1.11556
0.254991
-0.438
0.56357
-0.305247
0.535035
1.66092
-0.0265922
0.000578274
-0.337942
1.43816
-0.383198
-0.450083
0.841237
-0.272073
-0.344325
1.12351
2.26435
0.63209
0.852496
-0.907261
0.907099
-1.06391
0.88076
-0.271923
1.67702
0.631761
0.821381
-0.971603
-0.839953
-0.564355
0.692191
-0.772949
-2.00663
-0.289734
-0.854055
0.426209
-1.47362
1.02876
-0.199177
-1.12055
-1.54756
1.26924
0.991061
-1.33305
1.27843
0.142434
0.683616
-0.92303
-0.407097
-0.581765
-0.459831
0.934207
2.0395
-2.37593
-0.54896
-1.97912
-0.614905
-0.0735851
1.10638
-0.252263
-0.93448
-0.441989
0.514211
-0.783196
-1.37575
0.291017
-1.6135
0.991627
-0.201279
-0.878031
0.260793
-1.40172
-1.10765
0.594377
-0.905879
-0.899228
2.14316
0.421045
-0.0584068
-0.269004
-2.65156
1.24374
-0.519174
1.00183
0.414437
-0.771152
0.115836
0.661753
-1.14341
0.400043
-0.61777
0.903867
-1.08429
-0.558583
-1.85618
0.683762
0.370177
-0.950991
-0.518903
-0.531007
-1.65174
2.47357
0.562083
-0.114219
1.22287
1.02196
1.18479
0.125735
0.103923
-1.46993
1.91398
0.965522
0.0666738
0.786486
-2.03663
-0.798485
-0.0731683
-0.386292
-0.158278
-0.274639
-1.88956
-1.0355
-0.903811
0.601187
-1.66297
-0.540084
-0.770976
0.0443943
1.98827
-0.0336442
0.576275
-0.965861
0.749475
0.701651
-0.150628
-0.492597
1.08701
0.654219
0.977224
1.08113
0.823528
1.10344
-1.41202
-0.392612
-0.938048
0.779386
-0.193283
-0.948011
-1.02797
-1.00414
2.19599
-0.561173
-1.94719
0.0181464
-1.04904
0.767913
0.566056
-1.24148
0.79228
2.73436
-0.313304
-2.1705
-0.130466
0.196942
-0.0493483
0.905981
-0.514777
-1.25664
0.0819935
-1.06833
0.969962
-1.11782
-0.108779
1.74919
0.143268
-2.05208
0.357685
1.66733
0.658506
0.0886551
-1.05297
-0.472478
-0.0830598
0.17822
-1.44643
-0.435411
-1.44612
0.35896
1.45741
0.0933976
1.63152
0.452322
1.49377
0.0505467
0.65468
0.992828
-0.764585
-0.596852
0.0090589
0.232538
-2.07948
-0.832208
1.71929
-1.83908
0.303661
0.39385
-2.62044
1.2426
-0.416208
0.234258
-1.44189
1.78148
0.167481
-0.467442
0.900849
-0.450271
-0.994077
-0.255947
0.660436
-1.10796
1.20732
-0.190168
0.715296
-0.240274
-0.761244
-0.534787
0.575979
0.196648
0.163836
-1.25909
1.15181
1.45327
0.71867
0.261069
0.70761
-1.7289
-0.340016
0.498097
0.127356
-0.393697
-0.566433
-1.44372
-0.493071
-1.57839
-0.484453
1.66486
0.150881
1.78863
-0.876922
-0.147995
0.352917
0.692213
0.682551
1.65663
1.30079
0.844942
0.139231
-1.39694
-1.27148
-0.323968
1.9552
-1.34611
-1.2256
-0.238974
2.47298
-1.26424
-0.00449066
-0.285959
0.418459
-0.395769
0.0978016
-0.40718
-0.781743
1.12058
0.0500533
1.24634
0.641441
-0.837016
1.68548
-0.113965
0.0232355
0.26528
-1.10597
-1.86302
-1.16651
-0.65099
1.31742
1.73627
-0.0398124
-1.6293
-0.614477
-0.325515
0.991495
-0.415121
-1.6233
0.242088
-0.0637096
0.507882
1.7431
-1.12516
1.24056
0.00962148
2.19017
-0.576004
1.16755
0.0997808
-0.714008
-0.0275289
0.414304
-0.209999
1.14711
0.54456
-0.888271
0.50249
0.797704
0.782429
-1.76557
0.168716
-0.970464
0.820154
-0.584811
-0.304859
-0.422684
-0.391233
-2.10758
-1.48103
1.20888
0.883752
0.544751
2.79827
-1.52641
-0.623894
-0.137754
-0.640855
-0.4516
-1.00589
-1.19192
0.0494174
-0.534562
-0.0557193
0.04465
-0.904043
-0.905664
-0.512044
-0.586676
0.539303
-0.0838426
0.883025
-0.41448
0.238215
0.31502
1.68958
1.18588
1.2292
0.84872
0.0770779
0.99077
-0.895203
0.648841
-1.11022
0.910379
-0.666177
-1.3685
-0.0636984
0.390825
-0.0505908
-0.322928
0.0228287
1.50582
-0.334273
-0.248697
-0.539535
-0.517398
-1.41785
-0.683836
1.55047
1.5503
-0.739012
0.808077
-0.390304
1.51604
-1.98839
1.192
-1.65512
0.42185
1.77114
0.537235
-0.256016
-1.29229
1.26219
-0.399517
0.215387
-0.798698
0.228413
-0.723417
0.906489
-0.108492
-0.176871
-0.438024
-1.52742
-0.394419
-0.644361
0.0258987
0.260347
0.0961331
0.744447
-0.640683
1.63363
1.22396
1.37935
0.928253
0.576234
-0.128875
0.125216
0.300584
0.0684323
1.55227
-0.767216
0.39791
1.2946
0.677569
2.36163
0.0964999
2.20311
-1.40881
-0.252895
0.578174
0.750372
-0.498305
2.11234
-0.0257964
-0.675861
0.0978295
-1.85436
-1.83581
-0.636345
-0.763301
-0.883578
-0.0967848
0.664488
-2.07907
-0.73948
1.44229
-1.57598
-0.689682
-1.23931
0.0014261
0.905019
0.217013
-1.49729
0.0509843
-1.61533
1.03377
1.98605
-0.331333
-0.15806
-0.979002
-2.10024
-0.0880524
-1.70116
-1.03768
-1.1119
0.227625
0.243556
0.0446932
-0.00462272
1.13211
0.244869
0.528251
-0.497925
0.160875
1.39278
1.03681
-1.22035
-1.30821
2.06525
-0.0271955
-0.149678
0.880843
0.280332
-0.132383
-1.53526
0.853929
-1.74152
0.409743
-0.262744
0.475179
1.343
1.09314
-0.520948
-1.27712
-0.498797
-0.330344
-1.06674
1.22501
-0.967867
-0.59825
-0.651694
1.37073
-0.011709
2.21979
0.497167
0.0413436
-0.00889084
-0.886804
-0.308533
-0.358165
-0.0932117
0.11405
-2.22459
-0.135446
-0.629242
-0.878724
0.203435
1.04849
-1.59094
0.580082
0.547242
0.171575
-0.590137
1.10634
-0.748995
-0.93281
-1.57992
0.375637
1.71976
0.535107
0.401481
-0.615042
0.894112
-1.00713
-1.27427
-0.221208
0.404768
-0.0942089
-2.24903
0.282317
0.370384
1.52486
-1.12203
-1.45983
0.191021
-0.857109
-0.0133885
1.47567
-0.697669
0.820884
1.10364
-0.192441
-0.234587
1.00382
1.6599
0.624459
0.6052
-1.16992
-0.626523
0.0291268
-0.476448
0.850294
-1.73642
-1.30644
1.14805
-0.490105
1.37222
1.00085
0.311819
0.983277
1.70319
0.453639
0.260008
-1.74475
1.31139
-0.515833
-0.87899
-1.11619
-0.0173189
-0.276539
-0.959058
-0.668192
0.293842
-0.88616
-0.339674
-1.50646
0.871147
-1.48076
-0.234537
0.604265
0.414601
1.01065
1.74647
0.510688
-0.738593
-0.727907
2.27161
0.0320109
-1.10573
-1.3412
-1.44662
2.30157
-0.67841
-1.10798
-0.45986
-0.692789
-0.92925
-1.02658
1.29731
0.372267
0.518895
-0.902562
-1.76319
-1.28351
-1.41957
-2.4813
1.67646
-0.187125
1.06759
-0.963272
1.13314
0.159258
-1.24649
0.843783
1.08039
2.69269
-1.62689
-0.898836
2.40784
0.157537
0.858866
0.148818
1.78079
-1.16682
0.776518
-0.574056
-0.0414767
-0.581527
-1.12936
-0.681915
0.344477
0.757683
-0.54193
0.217736
-0.356668
0.225541
-0.866092
-0.0412854
-0.308417
0.419501
-1.64281
1.47178
-0.96601
-1.48724
-1.57445
1.71659
0.883383
-0.257805
-0.806845
-0.384669
0.658413
0.476989
-0.58984
-1.70775
0.310269
1.25443
0.196872
0.987659
-0.785635
-0.522893
-0.55405
-0.868717
-0.820981
0.336293
0.2824
-0.880299
-0.989582
1.16371
-0.370403
0.498131
1.23632
0.496593
0.605239
0.415836
1.41153
0.512637
-0.883576
0.358629
-1.62078
1.84744
-0.931684
-0.762562
0.153315
0.820262
0.753239
0.299209
-2.84294
0.0855626
0.818664
-0.130744
0.0341875
-0.529913
-0.650844
-0.608693
0.538107
0.632356
-0.160556
-0.779533
0.225792
0.699121
1.619
-0.190538
-1.03824
2.60597
1.36294
-0.257567
-0.821861
0.400063
-0.0449483
-1.1772
0.979736
0.686339
-1.32617
-0.0952003
0.679156
0.349252
-0.0700139
-1.87142
0.235812
0.880513
0.00219742
0.823102
-0.390223
-0.467863
-1.17212
-0.838144
0.633599
-0.333562
-0.847704
0.947889
-0.71988
0.54562
0.959592
-0.614424
1.51508
-0.27325
1.0302
1.48499
1.74572
-0.221576
0.586382
-0.046776
0.0390302
0.99895
0.626372
-0.237406
-2.05119
-0.37096
1.22225
-1.79302
-2.04141
-0.454676
1.30253
-0.756352
-0.53318
-0.361153
1.5824
-0.0894467
-0.942098
-0.118387
-1.11039
-2.30243
-0.413932
-1.48898
0.499768
-0.0827882
0.658928
1.86916
-0.211432
0.798862
-0.243102
1.31844
-1.13553
0.381465
-2.15003
-0.259276
0.617378
-0.269815
1.07523
1.01015
2.08534
0.257761
-0.259536
0.393941
-1.6005
0.45603
-0.47268
0.28859
0.377631
0.225068
0.692436
1.76735
0.738195
0.612274
0.184124
0.318154
-0.254678
0.418858
-0.608253
0.572387
-1.22077
-0.403451
0.387381
-0.059687
0.342731
0.846826
0.0536281
-0.465864
0.49978
-0.548785
0.0335567
-1.16818
0.857114
0.949484
0.591123
0.751573
-0.421584
-0.736374
-0.562917
-1.34775
0.668842
0.134643
-0.16885
-1.19484
-0.371267
0.198011
-1.96709
0.430446
0.487273
-2.7307
0.13823
1.09268
1.23295
0.893946
1.02009
-0.84242
2.10279
0.434617
-0.343574
-1.35571
-0.252726
0.908945
-0.0362751
0.327592
0.435031
0.267725
0.191868
-0.547587
-0.371302
-0.97626
1.44374
-0.438984
1.86354
1.96132
-0.976148
-1.27096
0.497855
0.66945
-0.11168
0.908682
0.398155
0.415459
-0.595558
-1.29482
-0.179924
-0.118725
0.173272
0.469669
0.0367264
-0.272864
0.206214
0.479167
-1.42581
0.108848
-1.72426
0.48957
-0.548806
-0.16065
0.529857
0.203069
0.474584
-1.23379
0.777352
-1.31926
0.130237
0.674329
-0.688872
0.0802031
2.11766
-0.11177
-0.88685
1.33352
-0.972597
-0.355819
-0.732963
-1.0768
0.561204
0.198721
-0.474849
-1.03805
-0.382744
1.04909
-0.221438
0.592387
-0.728447
1.36122
-0.276873
0.877959
-3.05678
-2.05606
-0.468154
0.100263
1.21242
0.881286
0.368474
0.620275
-0.146446
0.293624
0.0389319
-1.3513
-1.99883
0.947592
-1.79413
0.429994
0.891178
0.85273
-1.04497
-0.522815
-1.07625
0.222153
-1.42894
-0.441925
-0.311199
-0.545941
-1.26605
-2.34957
-2.94448
0.637146
1.74029
0.984543
0.336354
-0.62786
-0.295821
1.55527
0.502508
0.125903
-0.37776
-0.5257
-0.072094
0.0233791
1.52139
-0.471489
-0.0390122
-1.10145
0.172429
0.330378
0.266077
-2.05428
1.51496
0.660644
-0.11421
-0.494662
0.450065
-0.22953
-0.0233854
0.146081
0.217813
-0.415595
1.10078
-0.431062
-0.552532
-1.14133
-0.76015
-2.05647
0.0440958
-1.26117
-0.261262
-0.0362179
-0.785657
-1.13734
1.22125
0.496038
0.314505
-0.123801
-1.10679
0.871575
0.289527
-0.60848
-0.155547
-0.0663963
-0.422455
1.41476
0.943106
0.875585
0.767212
1.03806
0.0989576
-0.456386
-0.369943
-0.231397
-1.3043
1.14595
0.647579
0.725209
-0.0410225
-0.738683
-0.0668409
0.885042
0.492297
-1.71269
-0.0526915
0.948216
0.251417
0.243925
-0.821653
-0.627203
0.00616843
0.562971
1.35395
-0.134002
0.0339916
0.369888
0.132487
0.0601209
0.194579
-0.0805215
0.301667
0.272278
-0.361982
-0.262483
-0.020838
0.113073
-0.138676
-1.76047
-0.0354556
-0.245866
-0.0411626
1.13059
-1.76437
0.717268
0.748915
-0.531579
-0.223345
-0.466735
-0.706008
-0.112407
0.82324
0.216102
1.50977
0.11783
0.186002
-0.328688
1.1446
-0.110911
-1.15077
0.269786
-1.10235
-0.622358
-0.00973162
-1.10666
0.495613
1.01691
0.0137345
-0.4844
-1.46736
2.17396
-0.645331
-0.450254
-0.465126
2.38025
0.170039
-0.679911
1.60077
0.337003
1.57753
0.649311
1.19964
0.360898
1.06112
-1.11008
-1.18504
-0.301511
0.0680048
-0.974383
-0.550677
0.0975918
-0.115727
-0.141167
-0.486229
0.454669
-0.456625
-2.53631
0.427963
0.166342
0.558464
-0.0030168
-0.453669
-0.982406
0.644827
1.94692
-0.437529
-0.667469
-0.365151
1.87459
2.03416
-1.80467
0.283736
-3.27196
-0.805481
0.505493
-0.661838
-1.60705
-0.4038
-0.0487812
0.625325
-1.09335
-0.58155
0.309147
2.28905
1.18362
-0.161119
-0.969273
-0.894298
-2.72562
-0.611133
1.01388
-1.78744
1.19577
-1.73332
1.62156
-1.15732
0.47416
-0.511168
1.50165
-0.487664
-2.43364
-0.5233
1.40914
1.57192
-0.688312
0.245069
0.741173
0.425498
0.428831
0.522086
0.312493
-0.881116
-1.57597
-1.86058
-0.131759
-0.607798
-1.52479
-0.295544
-0.562715
-0.793403
0.427256
-0.991714
-0.0682042
0.429358
-0.905573
2.0521
-0.83542
-0.206097
1.37413
-1.8522
0.970844
0.232203
1.35718
2.08054
-1.31803
0.366198
0.647039
-0.562642
-2.04453
-0.862852
0.00583831
-0.351537
0.198552
3.11746
1.12311
-0.786186
-1.1257
-1.22434
-1.38005
-0.932902
0.0183948
-0.576748
-0.760237
-0.0953199
1.71897
2.36466
-1.43727
0.291474
-0.220068
0.193526
-0.638742
-1.09101
2.30855
-0.845309
-1.12317
-0.357622
0.037315
0.473501
-0.229927
-0.893661
-0.0783674
0.727123
0.275546
1.41495
-2.05436
-0.717401
0.821664
0.0685159
0.0837206
-1.07611
-0.630755
0.176231
0.789829
-1.62144
0.187667
-1.3657
-0.927332
0.202682
0.98301
-0.691048
-1.2438
-0.042931
0.566737
0.000532017
-1.39277
0.542558
0.0577777
0.239933
-2.56117
-0.519537
1.58822
0.00254869
-1.0533
1.02106
-0.455496
0.27283
-0.439037
-1.21254
-0.937211
1.22094
-0.467819
1.52978
-0.728095
0.275504
0.39726
0.845156
-0.167112
-0.406508
-0.673523
1.20003
-0.0479208
-0.481434
-1.13887
-1.52132
-0.516347
-0.762978
-0.361791
-0.738283
-1.99987
1.27456
0.117252
-1.77192
2.30571
0.288785
0.472123
0.196691
0.107897
0.756708
0.817739
0.650808
0.614956
0.979332
0.662885
0.44532
0.615372
0.377325
0.359221
1.06291
-0.346177
-0.368832
-0.136073
-1.14743
0.044708
-0.543624
0.101084
0.0221679
1.17694
0.112746
2.03077
-0.519051
1.30901
0.406553
-0.630001
-0.784581
0.493655
-2.15539
-0.917038
0.227702
-0.674378
0.396906
-0.520071
0.987694
-1.20391
-1.32413
-1.17264
-0.467845
1.13264
0.34043
0.939495
-0.343545
0.507714
-0.663782
-0.479738
0.0794991
-1.48898
1.85354
0.225057
0.757415
-0.945351
0.516612
0.11738
-0.387073
-1.25676
-1.00857
-0.767991
-0.274745
-0.575714
-0.156986
-1.06
-0.297546
0.663477
-1.1575
-1.54883
0.575254
-2.28982
2.5346
0.952731
-1.25019
1.04891
2.04245
1.42755
-0.971677
-0.282192
1.50704
-0.0540158
-1.01572
1.41575
-2.56162
0.12928
-0.49687
-1.67024
-0.513302
0.781513
1.63567
1.62469
-0.0684728
-2.34473
-0.658914
-0.392605
-0.772416
-0.457247
0.271018
1.35657
1.23246
0.618484
0.830231
-1.32996
-0.267388
-0.315581
-0.232929
-0.558398
1.34486
0.862142
0.680946
-0.463744
0.927756
-0.232948
2.3642
-1.61651
2.43052
0.0368901
0.0238503
-1.39941
0.390448
1.34263
0.852806
-0.438088
-0.00743461
-0.501334
-0.779337
0.457769
-1.09776
-1.45192
-1.06593
-1.57504
-1.13567
-1.40259
-1.38445
0.635784
-1.25671
0.391264
-1.05459
-1.05167
-1.37341
1.69215
0.645358
-0.329247
1.0012
0.314518
1.01376
0.677117
0.940686
0.677083
-0.123076
0.883161
-1.82996
-0.127567
-2.13449
-1.30556
-0.23888
-0.392644
1.03616
1.44584
1.77156
0.0776653
-1.56251
-0.422746
-0.787679
-0.937004
1.21685
-0.975025
-0.419735
0.349684
-0.255911
-0.50381
-0.879935
1.30945
-1.0335
0.125747
0.208093
-1.05532
-1.25089
1.1911
-0.309796
0.49418
0.886431
-0.534044
-1.02912
1.74193
-0.0426268
-0.528826
0.144632
-0.31363
-0.73548
1.22929
-1.0355
-0.673437
-0.417273
0.64368
-0.82755
1.39323
0.423429
-1.50188
-0.719238
-0.659222
-0.974419
-0.0869487
-0.770201
-0.745488
-0.0348126
0.479956
0.473024
-0.663165
-0.364363
0.5781
0.0796811
0.591749
-0.339003
0.691656
-0.905432
-0.0991877
-0.255558
-0.67042
0.0330813
2.40132
-0.272258
-0.963002
0.594764
-0.245835
-0.708148
-0.481275
1.74204
-0.255965
-1.4537
0.544431
0.422668
0.681544
-0.182852
-1.13702
-0.277331
1.23491
-2.3829
0.747299
1.35456
0.734038
-0.886194
-1.58403
1.23613
-1.68971
1.48867
0.704294
-2.38117
-0.230966
-1.47941
0.115756
-0.199902
1.95456
-0.362737
0.473175
-0.129235
0.671643
-0.138588
1.28321
-1.79778
-1.30039
0.197846
-0.879824
-1.28508
-2.12787
2.63666
0.706349
0.17513
0.344419
-1.86469
-1.55133
-0.178565
-1.59804
-0.923187
-0.10937
0.530307
-1.14215
0.528379
0.974352
-0.464167
-1.41299
1.39845
0.0445521
0.312546
0.32572
0.190845
-1.13392
-0.72854
1.99189
-1.66387
-0.391063
1.65325
0.0341588
0.166199
-0.237661
1.15856
0.575268
2.56155
0.22791
-1.52895
0.871205
0.702989
-0.118592
-0.256723
1.24675
0.915684
-1.33885
-0.216586
1.64962
0.927276
1.45917
0.426196
0.414602
-1.84672
-0.837405
-1.47952
0.521549
1.03143
1.76983
-0.603387
2.82089
-0.236257
0.482518
-0.871412
0.552012
0.411497
-2.07722
1.15431
-1.58014
1.2979
-0.402195
-1.21968
-0.39152
-0.747492
-0.265696
0.308823
-1.36918
-1.07997
-0.798439
1.44034
0.00888811
-0.361754
-1.93583
-0.78206
2.94003
1.32011
-0.835817
-0.480283
0.668776
1.24415
1.27629
-0.128333
1.25271
-2.16924
-0.445531
-1.03552
1.2659
0.164519
0.34127
-0.843617
0.695426
0.438373
-0.514146
0.435295
1.15151
-1.36787
0.50046
1.85119
0.914523
0.998092
0.435707
-0.816495
-1.21658
-0.498885
-1.24253
0.0545722
0.321785
1.21803
-0.265671
-2.27907
1.16992
2.46723
1.56926
-1.554
0.784059
0.0713016
2.21336
1.28399
-0.0859228
1.16433
-0.500331
0.401713
-0.393261
-1.55234
-0.292435
-0.272518
0.594995
-1.03922
-0.256546
1.8537
-1.12036
-0.486457
-0.291843
0.821725
1.02899
-0.139523
0.694211
1.15621
0.093981
0.890189
-0.305696
-1.61565
-1.45284
2.67675
1.47767
0.394444
1.18634
0.711332
0.825939
0.385363
-0.344328
-0.881582
-0.445142
-1.03014
0.212325
-1.13557
-0.751036
0.317473
1.27249
-1.40324
0.0253039
-1.29756
-0.601288
-1.56688
1.12634
-1.30079
-0.969681
-0.609975
1.85916
-2.60459
-0.56144
0.0373643
1.29453
-2.38451
0.385649
0.251304
-1.0457
-1.23323
-1.52045
1.02298
-1.13392
1.02695
0.269878
0.965988
-2.02925
0.890322
-1.58656
-0.319185
0.719749
-0.159456
2.43083
-1.7384
-0.334917
2.89853
0.334246
-0.356662
0.645929
-0.920601
1.88735
0.135957
-0.335272
-0.390626
0.398221
-2.17079
0.576217
0.438972
0.962633
0.473826
-0.00114243
0.614366
-0.479825
1.39865
0.383082
0.904738
-0.232204
-1.81153
-0.531774
-1.55748
-0.389168
0.059733
-0.209144
-1.362
0.00436872
-0.791864
1.112
0.735787
0.941602
-0.318541
-0.432673
0.193359
-0.279454
-1.39354
-0.27901
-0.47252
0.417188
1.10663
-0.530604
-1.14823
-0.805878
0.450503
0.13594
1.57226
0.637912
-0.602997
0.904521
-1.06716
-0.17818
-1.67393
-0.640221
0.480268
-0.52422
-0.704654
-0.647574
-0.806245
0.972718
-0.760829
0.535991
-0.627554
0.0184931
-2.43557
-1.61375
1.17349
-0.998975
-1.17133
-0.251016
0.94348
-0.518463
-1.06495
1.17077
-0.163716
-0.226054
-0.515549
-1.22429
-0.261487
0.666415
0.378593
1.11015
-0.449744
-0.473787
2.66021
-1.00016
0.386688
-1.50928
-0.796607
-0.787889
-0.32437
-1.81773
-1.47788
1.22517
0.256737
1.50818
-0.436194
0.0575968
-1.89242
1.86602
-0.349925
-0.387841
0.0607613
-1.54766
1.85836
1.82201
0.390236
1.16466
-0.692976
-0.672265
0.482491
-0.658062
-0.832618
0.159427
0.011781
-0.548553
-0.310655
1.31396
-1.55839
-1.05151
-1.18267
0.933999
-0.163394
-1.49349
0.670457
-0.243923
-0.869259
2.05764
0.150671
0.396795
-0.61587
-0.919368
-0.268562
-0.727058
-0.717255
-0.655705
2.01451
-0.0350901
0.455629
2.09026
1.11861
-0.617561
0.2696
1.25919
-0.250518
-1.85426
0.00319921
0.245049
-0.0842825
-0.919922
0.271785
1.47819
2.27173
0.146073
0.550796
0.441887
-2.05037
1.56427
-0.444701
-0.217576
0.180543
0.283687
0.432059
-0.215685
-0.696366
0.0725385
0.139018
-1.76041
1.70208
1.519
0.265619
0.350927
0.484492
2.19382
0.512299
0.864937
0.0769511
0.765073
-0.742243
-0.641001
-0.0331957
-1.0057
-0.637183
0.178729
0.623002
-0.35657
0.446689
-0.0695679
-0.0106434
0.507527
0.733785
0.523791
-1.6591
-0.314848
0.689053
0.66795
0.859264
0.845163
-0.544398
-0.355637
0.292768
-1.01665
0.174102
-1.27502
1.06891
-0.0679424
3.2315
0.767222
1.13131
-0.813852
0.63378
-0.269503
-0.0142182
0.595778
-0.075416
0.777741
-1.07617
0.494455
0.155321
0.529639
1.53155
-0.556742
0.439601
-0.93903
1.86127
-0.800189
1.72612
-2.75467
0.882025
0.619664
0.96347
0.119342
0.338023
1.65143
1.63052
-0.33221
0.367027
0.972653
1.64749
-0.222696
1.11976
-0.490569
-0.428995
0.557513
-1.11064
0.481884
0.815283
1.49099
-0.53676
-0.492983
0.984564
1.86695
-0.37071
1.24125
-0.0924767
1.5851
0.0150238
-1.2658
1.20135
0.830823
-0.329023
0.456042
1.81342
1.15229
0.602444
-0.80309
-2.12287
0.0620605
0.900236
0.919738
0.0275121
0.180794
0.45579
0.888354
1.52087
0.132214
-0.963389
-0.577136
0.705708
1.34725
0.873914
0.642747
-1.22635
-0.14237
-1.56621
0.484325
-0.30851
-0.0701771
-0.425396
0.430158
-0.945141
-0.0480541
-0.166563
-0.0333864
-0.696678
-0.0679067
-1.66267
-0.422549
-0.854811
-0.421616
1.49054
-1.73437
0.289479
-0.291197
0.3435
0.13191
1.05527
-0.0293016
0.946976
0.194959
0.78972
-0.147607
0.478147
-1.44282
-0.925566
-0.208001
0.626608
-1.97137
-0.997041
0.258603
1.25525
-0.124478
0.0883264
-0.843475
-0.176069
-0.531821
0.358955
1.91992
-0.484361
1.06043
0.358261
-0.413343
0.373963
1.95466
-1.19216
-0.667217
-0.0622123
-0.691213
-0.74435
-1.53936
2.53688
-2.58752
0.644462
-0.745689
-0.144788
-0.778344
-0.226149
-0.0358219
1.05676
-0.768177
-1.10563
4.00858
0.368929
0.632654
-0.719802
0.345619
-0.969776
-0.528445
0.751746
0.821988
0.268144
-0.950022
-0.88412
0.00787998
1.11811
1.46606
-0.50228
-0.617443
-1.06963
-0.238999
1.41601
1.18147
0.347127
0.924467
1.46787
0.972168
-1.62111
-0.255354
0.234153
-1.23271
0.124309
-0.561881
-1.92837
0.553027
1.52205
-0.971504
0.256197
-1.03972
1.67182
-0.923584
0.117123
0.424307
-1.25851
-0.240333
-0.368955
-0.0748275
-0.367323
0.801988
0.107912
1.12747
0.272698
-0.336603
-0.223288
1.63888
0.862599
0.566692
0.893101
1.40236
0.210451
1.39768
0.72788
-0.598494
0.608843
-0.117776
0.264285
-0.642417
0.396833
-0.861069
-1.29952
-0.752861
1.38539
0.649864
1.48189
-2.35955
-1.20815
0.963819
-0.312825
1.14404
-0.0186693
-1.50181
-0.997469
0.502744
-0.750335
0.344777
-0.0459374
-0.513596
-1.20554
-1.22945
-0.769136
0.296522
-0.478283
-2.477
-0.739757
0.248222
-0.375821
0.679904
-0.0202341
1.45888
0.626418
0.543192
0.887279
1.01314
1.15609
0.0958623
-1.02213
-0.643279
-0.420115
-0.597819
0.185541
-0.162587
-0.589991
0.432431
0.928716
-1.69074
-0.66229
0.966013
0.498468
0.317985
-1.85247
-2.29795
-0.300241
-0.0127418
-0.199813
-0.778761
0.259584
-0.285748
0.30527
0.325741
1.42943
-0.369066
1.1406
-0.727526
-0.417777
-0.164009
-1.13366
0.370071
0.407486
-0.543972
0.348858
-1.8308
-1.42595
1.95958
0.852969
0.566121
0.131164
-0.272451
-0.152837
0.410877
-0.046787
-1.18426
0.096799
-0.612298
-1.55821
-0.504188
0.957357
2.27832
0.515451
0.305307
0.0471444
0.992936
0.51853
0.666479
-0.929896
-0.353808
-0.0799419
0.00831154
-1.18129
-0.952467
-0.397803
-1.69549
0.289854
-0.135463
-0.261285
-0.49623
2.55633
0.594202
0.0628845
-0.5122
-0.606582
0.0789183
0.38966
-1.0683
1.26148
-0.0668016
0.72338
-0.10005
1.13847
0.252142
-0.569169
-1.22505
1.16193
-0.474705
1.4693
0.749968
-0.663736
-1.66702
-0.997169
2.91806
1.00395
1.57393
1.93475
-0.745915
0.436782
-1.52976
-0.521019
0.298137
0.143426
1.53009
0.842702
3.17135
0.928526
1.10142
-0.807513
-0.0586622
-0.0568031
-0.481368
1.47223
-1.36429
-1.5534
0.184924
0.596084
0.864123
1.74631
-0.382153
0.721379
1.09063
0.163605
1.59714
1.1561
1.26605
-1.41219
-0.640865
0.314913
1.4407
1.35597
-0.874187
-0.448356
0.088642
-1.29954
2.07697
-0.0581355
2.15328
1.12765
-0.373164
1.56863
-0.926461
0.313819
1.36874
-0.598784
0.359381
-1.37203
1.21157
0.374918
0.439623
0.457413
-1.23404
1.85527
1.24174
1.4818
-1.14139
-0.885597
-1.52705
-1.1864
0.826415
-0.448392
2.09329
-1.88517
1.52896
1.20585
1.38446
-0.105833
1.02574
-0.589685
-1.94115
-0.755571
0.734175
-1.68458
-0.825982
0.288493
0.415047
-0.182502
0.767507
0.655212
-0.254631
1.47006
0.717772
0.428119
-0.00313404
0.371107
-0.949389
-1.22221
-1.25245
1.64902
1.83058
0.37315
-0.660881
0.323026
0.51973
0.0459751
0.631081
0.0939089
-0.985136
1.2773
-0.583578
0.155714
-0.00880031
-1.10512
-0.572013
1.61084
0.944807
0.281264
-0.896837
0.224248
1.59752
-0.176909
-1.70808
-0.0272649
-1.95939
-1.59316
0.353847
-0.54552
-0.480378
0.546155
-1.10669
-1.8397
1.22973
0.709936
-0.996127
-0.272382
0.353645
-0.390518
-0.939736
-0.0977717
-0.00045493
-1.46691
-1.29981
0.943792
-1.44251
-0.195962
0.11632
0.284689
-0.997189
-0.439268
-0.232388
-1.28104
0.861167
0.707254
0.562152
0.125003
1.2182
0.410819
0.847915
-0.224147
0.215173
0.0351185
-1.13904
0.0605724
-0.299461
0.33037
-1.54489
-0.441778
-0.222769
-0.347748
-0.0226102
-0.343542
-0.354688
-0.826446
0.642183
-0.475238
0.828556
-0.249161
0.763478
-0.0239173
0.75636
0.0993618
0.101052
-1.11813
-0.12355
1.30636
2.15582
1.13334
-0.770063
-1.80875
0.187888
0.612567
-0.326984
0.595391
0.125298
0.602329
-0.708912
0.911438
0.787182
-0.904232
-0.106289
-1.20306
-0.132931
-1.41774
-1.76561
-3.11882
0.123767
0.95205
-2.16968
-0.0363487
-1.37079
1.29896
0.413013
-0.397429
-0.304796
-0.446431
-0.286518
0.48845
0.707835
-1.0291
-0.640854
-1.91349
0.477119
0.130763
-1.69522
-1.03366
-1.48681
1.33644
1.08038
-0.112423
1.2547
-1.04534
-0.517321
0.737643
0.333942
0.103089
1.66218
-0.513738
-0.00327309
0.96939
0.673993
0.461303
-0.45495
0.315751
-0.52214
0.39068
0.985441
-0.30651
0.915242
0.670298
0.0131367
1.56159
0.554756
0.96709
2.0904
0.0692811
0.326629
0.885233
-0.50492
-1.71831
-2.05696
-0.182632
-1.19364
0.0166089
-0.818192
-0.572437
-0.411874
0.577968
-0.241732
-0.647849
-0.748544
-1.51537
0.303187
0.0656576
-1.50489
-1.19309
0.0543045
-1.43381
0.453425
-2.04298
-0.200034
-1.1405
1.31645
0.899358
1.55211
-1.17344
-0.523622
-1.46961
-0.930876
0.529615
0.160519
1.59212
-0.0998533
0.215767
-1.13008
1.25904
-1.50786
-0.703956
-0.288184
-0.850543
0.41308
-1.72658
-0.821026
1.98918
-0.208979
0.585454
1.61117
-0.0420748
-1.23196
1.55532
-0.766632
-0.258953
-0.634036
1.36706
-1.8504
0.618327
1.31729
1.07471
-1.30724
-0.270326
-1.08368
-0.688166
-0.757614
0.9553
-1.36976
-0.134883
0.237654
-0.287535
0.324708
-0.482142
-1.09183
0.176297
0.0102094
0.870341
-1.41472
-1.16105
-0.0928907
0.70374
-0.634889
-0.198308
0.26356
0.507152
-0.75209
1.03845
-1.3765
-0.898294
0.0484716
-0.88794
1.0499
0.435952
0.838183
1.14004
0.837791
0.692677
0.144264
0.394429
0.0324091
-1.88469
-0.458579
1.27954
1.60108
0.775263
0.93671
0.54508
-1.10173
-0.00822633
0.869058
0.871998
-1.6782
-0.277375
-1.26894
0.399534
-0.680224
-1.01694
-0.909881
-0.796296
1.13303
0.767887
1.14332
0.766093
0.158956
0.0482475
-1.35587
-0.860994
-0.349773
0.522611
-0.239989
-0.455525
2.16457
-0.147857
-0.141026
-0.17082
1.31495
-0.756051
-0.46529
0.162117
-0.343763
-0.485233
0.0340681
0.469776
-0.360577
0.0496186
1.29204
1.30837
-0.00841729
-0.465707
1.09525
0.103243
-1.67214
-1.41709
-0.715199
1.85157
-0.595865
1.18586
0.173013
0.00572219
0.553061
0.792474
0.502709
-0.0893553
-0.993093
-0.731967
-1.01638
-1.1976
-0.369509
0.389275
1.39378
-0.385562
-0.195462
-0.482878
-1.16454
-0.32141
1.16441
0.0262838
0.46167
0.295655
-0.778184
0.359688
0.639745
-1.54947
0.33062
0.986541
-0.826026
0.952427
0.345385
0.839012
0.715941
0.16447
-2.86894
0.6609
-0.84494
0.555826
-0.581634
-0.441614
0.326368
-0.353451
-1.26391
-1.13623
0.740688
-0.792687
0.816516
1.16348
0.855748
0.0768726
-0.803428
2.19657
1.62694
1.45399
1.55344
0.425676
-1.53693
-1.77885
-0.538973
-1.31672
0.00973683
-0.0408273
-0.375354
0.551171
0.2639
-0.707498
-1.29287
-0.866313
0.445202
-0.731
0.138986
1.17616
-1.72038
0.820981
0.0375502
-0.840988
-0.386239
-1.96779
-0.288378
-0.776149
0.934793
1.97123
0.211485
1.21589
0.580681
-0.823857
0.836968
0.689104
0.703176
-0.319653
-0.12185
-1.79119
0.470542
-1.78939
0.224678
-0.478833
0.306463
-1.36422
0.323714
-0.62163
0.652996
-0.225131
0.439188
0.807585
1.38771
-0.570301
-0.909634
0.369331
0.7352
-0.888108
-0.0145985
1.64578
-1.60302
1.30651
1.44064
1.35755
2.28573
0.0568683
-1.07908
-1.79098
-1.30734
0.314191
2.27925
-0.607026
-0.312427
0.944632
-0.78524
0.632472
0.283605
0.34874
0.646138
1.69116
-0.309433
-1.33985
-0.849489
1.70481
0.317844
1.72758
0.0966497
0.759005
0.985708
-0.186066
-1.32106
-0.361646
0.795469
0.00230775
-1.55085
-0.485464
0.00916613
-1.66946
-0.0805228
-0.959751
-1.00521
-0.499759
0.271895
-1.58507
1.86796
-0.677179
1.03906
0.282973
-0.0154932
-0.0743428
0.174122
-0.60954
2.3504
-0.105728
-1.03524
-1.39644
0.151994
0.131091
1.96796
0.38214
2.07573
-0.565227
-0.233516
0.518331
-0.165799
-0.594072
1.26233
-1.80517
0.399384
1.44258
-1.31263
-0.699513
-1.32958
-1.63382
-0.779612
-0.0132764
-1.33141
0.137951
1.8056
1.88368
0.000370965
0.312249
1.68886
0.618471
1.47334
-1.6309
1.13917
-0.00554286
1.2504
1.52004
0.475686
0.185827
0.684712
-1.78608
1.02763
1.26297
0.183138
-1.38128
0.859614
0.0758034
0.879287
0.829078
-0.479788
-0.33459
1.04543
1.29623
-0.128906
0.644465
0.690899
-0.223627
0.101386
-0.581792
1.77371
-0.0165811
-0.0194253
-0.948415
0.230057
-0.926594
0.0422502
-0.100159
-1.31599
1.53303
0.69517
2.06502
-0.263597
0.535844
-1.4624
-0.931671
-0.493468
0.339481
1.39994
0.28489
1.39094
1.12085
-1.06132
-1.36814
-0.251566
-1.03736
-0.652734
0.08862
-0.322233
0.337283
0.304782
-0.970389
0.664437
-0.807842
0.398365
-0.80996
-1.26524
-0.71155
0.111536
-0.338463
-0.561833
-1.04527
-0.0206351
1.10278
1.61711
2.16183
-1.29269
-1.28558
0.620325
0.314917
1.38347
-0.648781
-0.744586
-1.00963
0.706697
-1.1363
-0.978451
-1.47158
-0.795268
-0.371076
-0.578133
1.45304
0.0456688
1.25067
-0.363304
1.78621
1.26683
0.685229
-0.852075
-0.109771
0.0683943
-0.040902
0.513233
0.577607
-0.330606
-1.26628
-0.25515
0.766546
1.34424
0.519541
-0.575664
0.179215
0.775289
0.208168
-0.160164
1.50893
0.250752
0.107497
0.326036
0.467769
0.763302
-1.22115
0.714007
0.441161
-0.000597874
-0.63707
-1.37009
-1.23523
1.20666
1.65539
-0.155985
-0.769065
-1.51251
-0.6572
-0.0382198
0.376345
-0.673231
0.479639
-0.160955
-0.754679
-0.476202
0.10984
1.20489
0.790188
-1.67549
0.29563
0.218982
0.681264
1.62839
1.05161
-0.54731
-1.44652
0.60058
0.685783
1.61437
0.581635
-0.200504
0.437486
-0.385122
1.58405
0.907845
0.435489
0.235094
1.38807
0.58411
-0.504597
1.17496
1.64952
0.302981
0.372535
-0.262371
0.464455
-0.0754678
0.124872
0.394803
0.112642
-0.277595
-1.29572
-0.278648
1.12243
-0.786834
1.20293
-1.43249
0.30882
-0.0468411
-0.599035
1.09461
-1.17829
1.30773
-0.167029
-0.491495
1.21803
0.651152
0.233619
0.982487
1.60174
-0.162185
0.131402
0.21605
-0.195677
1.10461
0.331671
1.87743
-1.09837
-0.696571
0.404931
-0.727183
-1.25259
-0.0479194
-0.833867
0.295471
-0.31556
-1.06995
0.841227
1.42986
0.308561
-0.744493
-0.161274
0.508003
-0.204086
-0.882609
-1.27662
-0.365612
0.551691
-1.33359
0.368166
0.643244
0.597046
-0.726396
0.895667
0.822139
0.196147
-1.16311
-1.37894
0.708387
0.268094
-0.919536
-0.815449
-0.127154
-0.699139
0.492008
0.655875
1.75164
0.139156
-0.668617
-0.0912497
-0.685319
2.0827
2.06966
-0.621153
-1.43018
-0.833163
-0.679876
0.429747
-0.293237
-0.960824
1.26669
-0.667606
0.0321455
-1.22729
-0.48276
0.530251
0.319585
1.61688
2.17542
1.11292
0.124107
-0.81379
-1.04925
-0.125719
0.699895
0.383975
-0.0938866
0.777432
1.03815
0.679141
-0.0484917
-0.14478
1.57916
0.970532
0.00301017
-1.73096
-0.0279383
-1.8613
1.07504
0.593609
-0.170668
2.31834
-0.804043
0.241887
0.0744815
0.497188
-1.034
-0.855628
-0.240012
-0.287858
1.21667
-1.6031
-0.732721
0.164967
-0.00303264
0.373497
0.196662
0.799493
0.689757
0.407807
-0.12139
-1.34691
0.245121
-1.78797
1.11662
1.74791
-0.342346
-0.906135
-0.428256
0.880618
0.0509196
-1.3772
-1.39233
-1.31253
1.87274
0.0205977
1.63338
0.530494
0.677082
-0.408635
0.129256
1.29787
-0.124417
0.616366
1.99971
-0.278157
-1.51225
-0.110861
0.0118575
0.715017
-1.11472
-1.51744
1.0253
0.666385
0.340059
1.01295
0.162318
-1.91969
-1.12895
-0.778769
0.288715
0.194301
0.179792
-0.0400761
1.51943
-0.0846014
-1.14904
-0.71557
-0.436447
0.683147
0.674706
-0.0726134
0.457345
-0.0100608
-1.08781
1.99599
1.42767
-0.181742
0.793474
-0.0561061
0.0250024
0.134696
-0.0188029
-0.580274
-0.878483
-0.52645
-1.22658
-0.945379
-0.425529
0.638738
0.14431
1.1609
0.519845
-0.615634
-0.303678
1.73625
0.143234
1.11098
0.0966134
1.18837
2.09339
-0.837343
1.0598
0.338551
-0.753081
1.29761
-0.959149
0.619762
1.03559
-0.264702
0.212285
0.0308222
0.254266
0.642126
0.684439
0.186373
-1.98007
-0.464084
-0.190597
0.239868
0.330124
-0.30818
0.471482
0.847538
0.271125
0.937163
-1.99866
0.645581
-1.3289
0.582906
-0.336537
-0.405247
0.795065
-0.0295241
0.799535
-0.86001
-2.00811
-0.663638
-0.687295
1.2434
0.962471
-0.0343556
0.47382
-0.231166
-1.70086
-0.0826681
-1.84883
-1.15957
-0.172297
1.14685
-0.140169
1.09904
-1.0255
0.8661
0.678852
-0.390649
0.146169
-2.23234
-0.661469
1.42036
0.553042
-0.124657
1.48323
0.879584
0.410961
-1.8142
-0.259313
-0.09334
2.30345
0.307492
-0.270627
1.61884
0.825613
1.3593
-0.397638
0.556427
-1.26249
-1.85479
0.752892
1.20945
-0.555484
0.318353
1.17089
-0.307606
-1.86021
1.42994
-2.29059
-0.628432
-0.223219
-0.940147
0.930049
0.239533
-1.13056
-0.997216
-0.440854
0.668596
0.191891
-0.516207
1.477
-1.96382
-0.607674
-0.903922
-0.720608
-0.0807066
0.516999
-0.985279
1.39405
-0.980075
-1.725
-3.24696
-0.874188
-1.41582
-0.39576
0.253498
-1.01614
0.854309
0.00439042
-0.974782
-0.632466
-0.369338
-0.703714
-1.66491
-1.49828
-0.320137
0.436119
0.443071
0.32944
-0.93588
0.83642
0.750481
-1.35945
2.17762
-0.345913
-1.12997
-0.318018
-0.210936
-0.351682
0.818459
-0.0316097
-1.2263
1.19262
0.284017
-0.88521
1.4191
1.56619
-0.126005
1.1352
0.621153
0.470159
0.856801
0.316713
0.846566
2.12384
0.188389
0.828067
-1.17012
0.981127
-1.11777
-1.13337
0.0196916
-0.923982
1.37793
0.884529
-1.29546
1.18133
-1.53764
0.941357
-0.151246
-0.335196
0.48806
0.943864
0.928523
1.13065
-0.800512
0.775854
1.41558
-0.319483
-1.44185
-0.0943171
-0.228565
2.05792
-0.203804
0.372239
1.18088
1.69974
1.39983
-0.0184447
0.506873
-0.79886
0.79583
0.954502
-0.0249423
0.718872
-0.767457
-0.941992
-1.63034
-0.435865
-1.64926
-2.03327
-0.49955
-1.01917
-1.68002
1.77779
0.160113
-1.11469
0.660449
-0.327649
-0.0194903
0.238101
0.936685
-0.115827
-1.32742
-2.50858
0.271487
-0.463292
-0.627708
-0.618256
1.62664
0.908683
0.753083
-1.50952
0.15365
1.6942
2.10609
-0.18882
0.406682
-0.481558
-1.09031
-0.626905
0.850965
0.725673
-1.03668
0.426196
0.438319
0.14397
1.81672
0.820506
0.448191
1.85133
0.595262
-0.0877537
0.318959
-2.46532
0.769127
0.165791
-0.0260884
-1.22693
-0.222775
-0.0157605
0.350184
0.225505
-0.107324
1.02154
0.425841
-0.608053
-1.08874
1.81675
0.623895
0.851288
-2.41217
1.27701
1.08568
-1.77255
-0.303431
0.259595
-0.241761
0.0799817
0.302125
-2.3634
0.543661
-0.0117727
1.92148
-1.48923
1.35865
-0.134896
-1.12006
-0.354066
-0.0249468
-1.32108
-0.878987
1.10065
0.544042
0.788143
0.144646
1.17314
-0.00277385
1.31534
-0.603471
-1.03985
1.0391
0.688367
0.920102
0.738085
2.02075
-0.26638
-0.964933
-1.0296
-0.606693
-1.54117
-0.541685
-0.170602
0.554172
0.392362
-0.548665
-0.164553
-1.40649
0.058067
1.43621
-0.796799
2.12895
-0.893516
-0.00151919
0.810985
-1.12643
0.276832
-2.19461
0.289821
-0.430291
2.24492
-0.735462
-1.18963
-0.891112
-1.88696
0.590913
0.0531249
0.227478
-1.18266
-0.441936
-0.150739
-0.134162
1.22049
-0.422061
-0.015284
1.77343
0.857161
-0.157414
0.0696354
-0.179446
1.25975
0.275165
-0.455848
-0.769499
0.492087
0.252065
1.00563
1.45721
0.157463
0.347606
-1.197
0.234742
-0.236617
0.644292
2.14244
-0.161406
-2.63833
1.01691
1.35227
0.878521
1.06627
-2.72356
-1.26852
1.14946
0.777132
0.676505
-1.50354
0.604938
-0.200812
0.939669
1.67216
0.0856401
-0.88884
-1.89853
-1.07679
-0.918326
-0.510593
-0.902984
-2.47091
-0.819188
-1.23346
0.208811
-0.0963768
-0.102872
0.0467825
0.43251
-0.414954
1.4001
0.276791
0.0884618
-0.222266
0.103822
-0.198835
0.386017
-0.234958
-0.983966
2.04916
1.68421
1.08129
0.664792
-0.492213
-0.427778
1.62856
-0.363147
1.51216
-0.752424
-0.799788
-0.267517
0.528439
-0.687171
0.845833
-1.98013
-0.0777401
-0.201753
-1.67259
0.642181
0.731566
0.197128
-0.275397
1.9669
0.436193
0.0646303
-1.14597
0.258278
1.32068
0.386349
0.556246
0.189874
1.38547
-2.04855
-0.378568
-0.320427
-1.17667
1.06049
1.77693
1.51757
-0.521442
-0.196715
-0.150892
-0.190305
0.354215
-1.0182
0.692844
1.44196
-1.70202
-0.928887
-0.379219
0.455179
2.17426
1.20403
-0.657408
-1.16287
0.0761449
0.133636
0.562979
-0.424519
-0.613902
-1.69307
-1.23502
-0.919896
0.486501
-1.74126
0.687325
0.438629
0.733372
0.277768
2.13031
1.20964
-2.04521
1.33817
0.240713
0.238287
-0.66697
0.488262
-2.05299
0.85211
0.583691
-0.0845077
0.371095
1.95154
0.478435
0.097086
-0.0979385
2.22493
-0.471008
0.0322637
-1.0049
-0.0995815
0.0664381
0.586922
0.845522
0.704177
-0.339317
0.225368
-0.768874
-0.623307
-0.36953
-0.946758
-1.39746
0.688734
-2.06906
-1.58602
-2.14749
0.182063
-0.0428737
-1.34833
-1.55053
0.418377
1.59417
0.202567
-0.539302
0.282028
1.28525
-0.623211
-0.653085
-0.0372432
-2.19391
1.09489
-0.00136434
-0.60814
-0.551219
0.734046
0.443547
-0.0559123
0.44698
-1.836
-0.555365
0.717347
-0.776859
-1.38105
-0.224964
1.63441
-2.22898
2.40212
-0.350297
-0.474251
0.635912
0.749833
0.709427
-1.16108
-1.14806
-0.0278127
-0.0688805
0.918706
1.6119
0.464707
-0.137479
-0.931852
0.784483
0.669961
-0.222133
-1.22583
-1.82741
-0.516593
0.196759
0.810488
0.405295
0.368819
0.473397
1.25099
0.467128
-0.492374
-0.997324
0.525778
1.04096
0.30126
-1.26072
-0.612858
-1.67064
-0.00147813
0.862576
-0.950194
1.70528
0.902937
1.48318
0.544086
-0.883969
0.203024
-0.0850352
-0.152751
1.40648
-0.956482
0.682345
-0.171492
1.06497
2.15534
-1.7368
-0.0413491
0.734312
0.489554
-0.196737
-1.94164
0.24139
0.342215
0.676745
-1.51596
0.504704
2.26398
2.56085
-1.31548
-0.385418
0.983143
1.93221
0.076923
-1.80525
0.590848
-2.42154
0.658501
-0.854019
-0.324281
0.827212
0.928182
1.49525
1.65879
-1.35409
0.846195
0.849065
1.11592
-0.368035
-0.361583
-0.616693
0.621877
-2.00022
-0.568941
-1.14424
-1.79141
-0.283619
0.384875
0.831263
-0.228649
-1.09734
-0.615066
0.541465
0.598507
-0.857292
1.41625
1.75994
0.105177
-0.780466
-0.551978
1.3782
0.317956
-1.62463
0.0381238
0.659618
0.864246
0.0959057
1.00407
0.620203
0.136091
0.329522
1.75685
2.26651
-1.41953
0.909702
0.65647
-0.125237
0.104631
1.44112
-2.79489
-0.333491
0.307723
0.484404
0.699183
1.9739
2.57058
0.812185
0.0637893
-0.27928
0.588068
-0.850806
-0.117631
3.85679
0.649551
-2.13625
0.859826
2.48968
-0.144449
-0.235978
1.10469
-1.50814
-0.118681
0.658457
1.26303
1.71263
-0.685847
-1.15485
-0.20036
-0.379355
-0.565678
0.387806
0.5619
1.69666
0.636203
0.922465
-1.80899
0.771918
-0.508588
-0.0434507
0.514898
0.37955
-0.830376
-0.60303
-0.523054
-0.158501
-1.36466
0.44844
-0.808434
0.551724
0.650881
1.29827
0.917939
-0.300778
1.17937
0.437936
1.91045
0.922923
0.873814
-1.41736
1.24872
-0.736123
0.510712
0.0852282
0.730377
-1.40111
-1.66962
-0.25275
-0.765744
1.6309
1.40892
-0.414027
2.08989
-0.422741
-0.399723
0.0835046
0.589103
-0.680505
3.81426
0.0931318
0.432349
1.54134
-0.125727
0.23688
1.94483
-1.56047
0.0279703
0.368956
1.05258
0.59295
0.772711
-1.16678
0.617006
0.312197
-0.407695
0.29873
