1 24
2 26
3 29
4 31
5 32
6 32
7 32
8 33
9 33
10 34
11 35
12 35
13 36
14 37
15 37
16 37
17 39
18 39
19 39
20 39
21 40
22 40
23 40
24 40
25 40
26 41
27 41
28 41
29 41
30 41
31 42
32 42
33 42
34 42
35 42
36 42
37 42
38 42
39 42
40 42
41 42
42 42
43 44
44 44
45 44
46 44
47 45
48 45
49 45
50 46
51 55
52 58
53 59
54 61
55 63
56 57
57 63
58 63
59 62
60 59
61 65
62 65
63 65
64 65
65 65
66 62
67 65
68 63
69 64
70 58
71 65
72 59
73 65
74 65
75 65
76 64
77 57
78 65
79 64
80 64
81 57
82 64
83 64
84 63
85 65
86 59
87 62
88 59
89 65
90 61
91 65
92 65
93 64
94 65
95 62
96 63
97 65
98 65
99 60
100 62
101 65
102 65
103 63
104 65
105 61
106 62
107 63
108 62
109 49
110 64
111 65
112 65
113 65
114 64
115 65
116 59
117 64
118 61
119 65
120 65
121 62
122 64
123 65
124 63
125 49
126 63
127 65
128 65
129 62
130 65
131 64
132 64
133 57
134 65
135 65
136 65
137 63
138 64
139 65
140 65
141 62
142 64
143 58
144 65
145 65
146 62
147 63
148 65
149 65
150 60
151 65
152 64
153 57
154 65
155 65
156 59
157 65
158 65
159 63
160 64
161 64
162 58
163 65
164 65
165 64
166 64
167 65
168 63
169 65
170 61
171 65
172 57
173 65
174 65
175 65
176 65
177 62
178 65
179 57
180 65
181 64
182 65
183 64
184 65
185 62
186 63
187 63
188 65
189 64
190 64
191 60
192 62
193 64
194 58
195 64
196 65
197 64
198 64
199 61
200 65
201 62
202 65
203 65
204 62
205 65
206 65
207 62
208 64
209 64
210 65
211 60
212 65
213 65
214 62
215 65
216 64
217 63
218 65
219 64
220 63
221 63
222 63
223 64
224 62
225 65
226 63
227 62
228 51
229 65
230 64
231 65
232 63
233 61
234 64
235 65
236 64
237 59
238 64
239 61
240 65
241 62
242 65
243 56
244 65
245 64
246 65
247 62
248 64
249 65
250 64
251 61
252 62
253 65
254 65
255 64
256 65
257 65
258 61
259 65
260 64
261 63
262 62
263 63
264 61
265 64
266 57
267 64
268 63
269 63
270 64
271 65
272 65
273 64
274 62
275 58
276 65
277 64
278 65
279 65
280 64
281 65
282 65
283 62
284 65
285 65
286 65
287 58
288 64
289 65
290 65
291 61
292 65
293 65
294 65
295 65
296 61
297 65
298 63
299 63
300 62
301 57
302 65
303 65
304 65
305 65
306 64
307 61
308 64
309 64
310 64
311 65
312 62
313 65
314 64
315 51
316 61
317 65
318 65
319 65
320 65
321 63
322 61
323 64
324 58
325 64
326 65
327 60
328 65
329 63
330 60
331 65
332 63
333 61
334 65
335 65
336 65
337 65
338 65
339 63
340 57
341 65
342 65
343 64
344 64
345 63
346 65
347 64
348 59
349 65
350 63
351 65
352 62
353 65
354 56
355 65
356 64
357 65
358 64
359 62
360 65
361 65
362 61
363 63
364 65
365 65
366 65
367 65
368 61
369 64
370 62
371 65
372 65
373 62
374 64
375 56
376 65
377 65
378 59
379 60
380 64
381 54
382 65
383 62
384 64
385 64
386 63
387 60
388 65
389 63
390 65
391 60
392 65
393 62
394 65
395 65
396 64
397 52
398 65
399 63
400 61
401 65
402 64
403 64
404 63
405 62
406 64
407 64
408 64
409 60
410 65
411 65
412 65
413 65
414 65
415 64
416 60
417 65
418 64
419 59
420 65
421 65
422 63
423 61
424 65
425 64
426 61
427 65
428 59
429 65
430 63
431 60
432 65
433 65
434 63
435 64
436 65
437 58
438 64
439 65
440 61
441 64
442 63
443 58
444 65
445 64
446 65
447 60
448 65
449 62
450 61
451 65
452 65
453 65
454 61
455 64
456 65
457 65
458 63
459 57
460 62
461 65
462 64
463 63
464 59
465 65
466 65
467 64
468 65
469 63
470 65
471 62
472 64
473 60
474 65
475 64
476 64
477 65
478 65
479 65
480 64
481 65
482 65
483 64
484 63
485 64
486 63
487 63
488 62
489 65
490 65
491 65
492 65
493 60
494 65
495 65
496 63
497 64
498 65
499 63
500 62
501 64
502 65
503 63
504 65
505 64
506 63
507 65
508 64
509 63
510 64
511 61
512 65
513 64
514 58
515 65
516 61
517 65
518 64
519 65
520 54
521 65
522 65
523 59
524 65
525 65
526 64
527 63
528 64
529 61
530 65
531 65
532 65
533 62
534 64
535 62
536 63
537 64
538 65
539 65
540 64
541 65
542 65
543 65
544 56
545 65
546 64
547 62
548 65
549 65
550 62
551 63
552 65
553 63
554 65
555 65
556 65
557 63
558 62
559 65
560 65
561 65
562 58
563 65
564 65
565 56
566 64
567 65
568 65
569 64
570 64
571 61
572 63
573 58
574 65
575 65
576 64
577 64
578 58
579 65
580 65
581 65
582 63
583 65
584 56
585 65
586 63
587 65
588 59
589 64
590 63
591 63
592 63
593 64
594 65
595 57
596 65
597 64
598 65
599 64
600 63
601 65
602 64
603 64
604 65
605 64
606 63
607 63
608 65
609 63
610 64
611 63
612 64
613 61
614 64
615 65
616 64
617 64
618 64
619 63
620 64
621 65
622 51
623 64
624 65
625 65
626 65
627 65
628 65
629 65
630 64
631 65
632 62
633 65
634 61
635 64
636 65
637 65
638 64
639 64
640 56
641 64
642 61
643 63
644 61
645 65
646 64
647 64
648 65
649 65
650 65
651 60
652 64
653 61
654 65
655 61
656 65
657 61
658 65
659 63
660 63
661 63
662 56
663 65
664 65
665 64
666 65
667 58
668 65
669 65
670 65
671 64
672 62
673 63
674 65
675 65
676 65
677 63
678 64
679 65
680 65
681 63
682 64
683 65
684 62
685 58
686 64
687 65
688 64
689 60
690 65
691 65
692 65
693 64
694 65
695 64
696 63
697 64
698 64
699 63
700 59
701 65
702 65
703 64
704 62
705 65
706 61
707 54
708 64
709 65
710 64
711 59
712 65
713 65
714 64
715 64
716 63
717 59
718 65
719 61
720 61
721 65
722 65
723 65
724 64
725 62
726 65
727 63
728 63
729 62
730 64
731 63
732 65
733 61
734 65
735 61
736 65
737 64
738 64
739 64
740 58
741 65
742 65
743 65
744 63
745 64
746 59
747 64
748 65
749 65
750 65
751 65
752 61
753 65
754 65
755 65
756 65
757 63
758 65
759 64
760 64
761 65
762 62
763 65
764 64
765 60
766 64
767 65
768 65
769 64
770 65
771 58
772 65
773 65
774 64
775 64
776 65
777 55
778 62
779 65
780 65
781 65
782 59
783 65
784 62
785 64
786 59
787 62
788 58
789 65
790 64
791 63
792 65
793 62
794 64
795 64
796 61
797 62
798 64
799 64
800 62
801 64
802 61
803 65
804 64
805 63
806 62
807 64
808 65
809 63
810 65
811 65
812 63
813 63
814 57
815 63
816 65
817 64
818 55
819 65
820 65
821 63
822 65
823 65
824 61
825 65
826 63
827 57
828 65
829 61
830 65
831 65
832 64
833 62
834 65
835 64
836 63
837 61
838 61
839 61
840 65
841 64
842 63
843 64
844 61
845 65
846 61
847 65
848 65
849 64
850 61
851 65
852 65
853 63
854 65
855 63
856 65
857 63
858 65
859 63
860 64
861 60
862 65
863 65
864 65
865 63
866 65
867 65
868 65
869 64
870 54
871 65
872 60
873 61
874 48
875 63
876 65
877 65
878 65
879 63
880 62
881 64
882 64
883 62
884 65
885 62
886 57
887 65
888 65
889 64
890 60
891 65
892 64
893 65
894 63
895 64
896 64
897 63
898 64
899 63
900 65
901 65
902 63
903 61
904 65
905 63
906 65
907 63
908 64
909 64
910 60
911 64
912 62
913 57
914 63
915 65
916 65
917 65
918 65
919 61
920 66
921 66
922 66
923 63
924 66
925 64
926 66
927 65
928 66
929 64
930 66
931 61
932 66
933 66
934 66
935 65
936 65
937 62
938 66
939 65
940 62
941 65
942 66
943 61
944 64
945 66
946 61
947 66
948 65
949 66
950 65
951 65
952 65
953 66
954 64
955 65
956 65
957 65
958 66
959 63
960 62
961 66
962 66
963 65
964 62
965 61
966 59
967 66
968 66
969 65
970 66
971 66
972 66
973 64
974 65
975 65
976 64
977 65
978 65
979 63
980 66
981 66
982 65
983 65
984 60
985 66
986 62
987 64
988 64
989 64
990 61
991 65
992 58
993 65
994 63
995 63
996 65
997 65
998 66
999 61
1000 66
1001 65
1002 56
1003 66
1004 66
1005 66
1006 65
1007 60
1008 65
1009 63
1010 62
1011 66
1012 59
1013 66
1014 64
1015 66
1016 58
1017 66
1018 63
1019 64
1020 66
1021 65
1022 63
1023 65
1024 64
1025 62
1026 65
1027 65
1028 64
1029 61
1030 65
1031 61
1032 66
1033 65
1034 62
1035 65
1036 58
1037 66
1038 66
1039 65
1040 65
1041 65
1042 64
1043 65
1044 65
1045 64
1046 64
1047 66
1048 64
1049 66
1050 65
1051 66
1052 64
1053 61
1054 66
1055 61
1056 66
1057 66
1058 64
1059 66
1060 66
1061 60
1062 66
1063 66
1064 55
1065 66
1066 59
1067 66
1068 66
1069 66
1070 66
1071 65
1072 62
1073 66
1074 65
1075 64
1076 66
1077 66
1078 66
1079 63
1080 66
1081 66
1082 63
1083 66
1084 62
1085 66
1086 65
1087 63
1088 65
1089 65
1090 58
1091 66
1092 66
1093 65
1094 65
1095 62
1096 63
1097 58
1098 66
1099 66
1100 62
1101 66
1102 65
1103 65
1104 65
1105 65
1106 64
1107 65
1108 59
1109 65
1110 65
1111 62
1112 66
1113 64
1114 64
1115 61
1116 65
1117 63
1118 66
1119 66
1120 65
1121 65
1122 66
1123 64
1124 66
1125 66
1126 59
1127 66
1128 65
1129 64
1130 61
1131 66
1132 66
1133 61
1134 66
1135 67
1136 64
1137 67
1138 67
1139 66
1140 59
1141 66
1142 65
1143 66
1144 66
1145 62
1146 67
1147 63
1148 67
1149 62
1150 67
1151 64
1152 67
1153 65
1154 66
1155 67
1156 64
1157 61
1158 67
1159 67
1160 66
1161 66
1162 66
1163 66
1164 63
1165 66
1166 65
1167 61
1168 67
1169 66
1170 65
1171 64
1172 65
1173 66
1174 63
1175 67
1176 67
1177 66
1178 65
1179 67
1180 65
1181 67
1182 66
1183 60
1184 67
1185 63
1186 67
1187 66
1188 66
1189 66
1190 66
1191 66
1192 67
1193 64
1194 67
1195 67
1196 60
1197 67
1198 67
1199 67
1200 66
1201 65
1202 63
1203 67
1204 66
1205 63
1206 66
1207 61
1208 67
1209 67
1210 66
1211 65
1212 67
1213 63
1214 67
1215 67
1216 67
1217 66
1218 66
1219 53
1220 67
1221 66
1222 67
1223 66
1224 61
1225 65
1226 66
1227 63
1228 59
1229 66
1230 66
1231 67
1232 66
1233 65
1234 67
1235 66
1236 57
1237 66
1238 67
1239 53
1240 67
1241 67
1242 67
1243 67
1244 54
1245 67
1246 66
1247 59
1248 67
1249 67
1250 65
1251 66
1252 66
1253 65
1254 67
1255 66
1256 67
1257 67
1258 63
1259 67
1260 65
1261 66
1262 65
1263 63
1264 67
1265 64
1266 67
1267 66
1268 64
1269 63
1270 67
1271 66
1272 67
1273 65
1274 62
1275 67
1276 67
1277 67
1278 66
1279 66
1280 66
1281 52
1282 65
1283 67
1284 67
1285 67
1286 67
1287 54
1288 67
1289 67
1290 67
1291 67
1292 59
1293 67
1294 63
1295 66
1296 67
1297 62
1298 67
1299 64
1300 67
1301 66
1302 60
1303 63
1304 57
1305 66
1306 67
1307 66
1308 62
1309 67
1310 66
1311 65
1312 56
1313 67
1314 67
1315 62
1316 67
1317 65
1318 60
1319 67
1320 62
1321 67
1322 67
1323 60
1324 67
1325 61
1326 66
1327 66
1328 63
1329 67
1330 67
1331 66
1332 67
1333 63
1334 67
1335 67
1336 64
1337 67
1338 67
1339 66
1340 66
1341 62
1342 67
1343 67
1344 66
1345 67
1346 66
1347 67
1348 64
1349 58
1350 67
1351 67
1352 62
1353 65
1354 57
1355 67
1356 64
1357 60
1358 64
1359 51
1360 66
1361 67
1362 67
1363 67
1364 66
1365 59
1366 67
1367 66
1368 66
1369 67
1370 67
1371 63
1372 67
1373 67
1374 65
1375 67
1376 67
1377 62
1378 67
1379 67
1380 67
1381 67
1382 67
1383 60
1384 67
1385 67
1386 63
1387 67
1388 67
1389 64
1390 67
1391 67
1392 65
1393 67
1394 65
1395 62
1396 67
1397 67
1398 61
1399 67
1400 67
1401 66
1402 67
1403 67
1404 65
1405 66
1406 63
1407 67
1408 61
1409 67
1410 67
1411 66
1412 67
1413 67
1414 67
1415 66
1416 62
1417 66
1418 65
1419 55
1420 64
1421 67
1422 67
1423 67
1424 67
1425 67
1426 65
1427 67
1428 66
1429 57
1430 66
1431 66
1432 67
1433 67
1434 67
1435 67
1436 65
1437 65
1438 67
1439 55
1440 65
1441 66
1442 66
1443 66
1444 67
1445 67
1446 67
1447 66
1448 67
1449 67
1450 56
1451 66
1452 67
1453 67
1454 67
1455 67
1456 67
1457 65
1458 65
1459 62
1460 63
1461 67
1462 67
1463 67
1464 67
1465 67
1466 60
1467 67
1468 67
1469 63
1470 67
1471 67
1472 64
1473 67
1474 54
1475 65
1476 66
1477 67
1478 67
1479 67
1480 67
1481 65
1482 52
1483 67
1484 66
1485 63
1486 65
1487 67
1488 66
1489 66
1490 66
1491 63
1492 67
1493 67
1494 66
1495 65
1496 58
1497 64
1498 66
1499 66
1500 57
1501 67
1502 67
1503 60
1504 67
1505 67
1506 67
1507 67
1508 65
1509 56
1510 65
1511 67
1512 67
1513 66
1514 67
1515 67
1516 65
1517 58
1518 66
1519 65
1520 60
1521 65
1522 67
1523 66
1524 65
1525 64
1526 66
1527 61
1528 66
1529 67
1530 67
1531 65
1532 58
1533 64
1534 62
1535 58
1536 62
1537 61
1538 57
1539 50
1540 47
1541 1
